[[0.0, 66.1416, 0.0], [0.0, 41.148, 0.0], [-14.9352, 41.148, 0.0], [-14.9352, 66.1416, 0.0]]
[[0.0, 66.1416, 3.048], [0.0, 66.1416, 0.0], [-14.9352, 66.1416, 0.0], [-14.9352, 66.1416, 3.048]]
[[-14.9352, 41.148, 3.048], [-14.9352, 41.148, 0.0], [0.0, 41.148, 0.0], [0.0, 41.148, 3.048]]
[[-14.9352, 66.1416, 3.048], [-14.9352, 41.148, 3.048], [0.0, 41.148, 3.048], [0.0, 66.1416, 3.048]]
[[-14.9352, 66.1416, 3.048], [-14.9352, 66.1416, 0.0], [-14.9352, 41.148, 0.0], [-14.9352, 41.148, 3.048]]
[[0.0, 41.148, 3.048], [0.0, 41.148, 0.0], [0.0, 66.1416, 0.0], [0.0, 66.1416, 3.048]]
[[0.0, 41.148, 0.0], [0.0, 35.052, 0.0], [-7.3152, 35.052, 0.0], [-7.3152, 41.148, 0.0]]
[[-7.3152, 41.148, 3.048], [-7.3152, 35.052, 3.048], [0.0, 35.052, 3.048], [0.0, 41.148, 3.048]]
[[0.0, 35.052, 3.048], [0.0, 35.052, 0.0], [0.0, 41.148, 0.0], [0.0, 41.148, 3.048]]
[[-7.3152, 35.052, 3.048], [-7.3152, 35.052, 0.0], [0.0, 35.052, 0.0], [0.0, 35.052, 3.048]]
[[-7.3152, 41.148, 3.048], [-7.3152, 41.148, 0.0], [-7.3152, 35.052, 0.0], [-7.3152, 35.052, 3.048]]
[[0.0, 41.148, 3.048], [0.0, 41.148, 0.0], [-7.3152, 41.148, 0.0], [-7.3152, 41.148, 3.048]]
[[0.0, 53.34, 0.0], [0.0, 44.196, 0.0], [-62.484, 44.196, 0.0], [-62.484, 53.34, 0.0]]
[[-62.484, 44.196, 3.048], [-62.484, 44.196, 0.0], [0.0, 44.196, 0.0], [0.0, 44.196, 3.048]]
[[0.0, 53.34, 3.048], [0.0, 53.34, 0.0], [-62.484, 53.34, 0.0], [-62.484, 53.34, 3.048]]
[[0.0, 44.196, 3.048], [0.0, 44.196, 0.0], [0.0, 53.34, 0.0], [0.0, 53.34, 3.048]]
[[-62.484, 53.34, 3.048], [-62.484, 44.196, 3.048], [-48.1584, 44.196, 3.048], [-48.1584, 53.34, 3.048]]
[[-48.1584, 53.34, 3.048], [-48.1584, 44.196, 3.048], [0.0, 44.196, 3.048], [0.0, 53.34, 3.048]]
[[-62.484, 53.34, 3.048], [-62.484, 53.34, 0.0], [-62.484, 44.196, 0.0], [-62.484, 44.196, 3.048]]
[[0.0, 41.148, 0.0], [0.0, 16.1544, 0.0], [-18.288, 16.1544, 0.0], [-18.288, 41.148, 0.0]]
[[-18.288, 16.1544, 3.048], [-18.288, 16.1544, 0.0], [0.0, 16.1544, 0.0], [0.0, 16.1544, 3.048]]
[[-18.288, 41.148, 3.048], [-18.288, 16.1544, 3.048], [0.0, 16.1544, 3.048], [0.0, 41.148, 3.048]]
[[0.0, 16.1544, 3.048], [0.0, 16.1544, 0.0], [0.0, 41.148, 0.0], [0.0, 41.148, 3.048]]
[[-18.288, 41.148, 3.048], [-18.288, 41.148, 0.0], [-18.288, 16.1544, 0.0], [-18.288, 16.1544, 3.048]]
[[0.0, 41.148, 3.048], [0.0, 41.148, 0.0], [-18.288, 41.148, 0.0], [-18.288, 41.148, 3.048]]
[[0.0, 50.292, 0.0], [0.0, 41.148, 0.0], [-18.288, 41.148, 0.0], [-18.288, 50.292, 0.0]]
[[-18.288, 50.292, 3.048], [-18.288, 41.148, 3.048], [0.0, 41.148, 3.048], [0.0, 50.292, 3.048]]
[[0.0, 50.292, 3.048], [0.0, 50.292, 0.0], [-18.288, 50.292, 0.0], [-18.288, 50.292, 3.048]]
[[-18.288, 41.148, 3.048], [-18.288, 41.148, 0.0], [0.0, 41.148, 0.0], [0.0, 41.148, 3.048]]
[[-18.288, 50.292, 3.048], [-18.288, 50.292, 0.0], [-18.288, 41.148, 0.0], [-18.288, 41.148, 3.048]]
[[0.0, 41.148, 3.048], [0.0, 41.148, 0.0], [0.0, 50.292, 0.0], [0.0, 50.292, 3.048]]
[[20.1168, 41.148, 0.0], [20.1168, 28.956, 0.0], [0.0, 28.956, 0.0], [0.0, 41.148, 0.0]]
[[0.0, 41.148, 3.048], [0.0, 41.148, 0.0], [0.0, 28.956, 0.0], [0.0, 28.956, 3.048]]
[[20.1168, 41.148, 3.048], [20.1168, 41.148, 0.0], [0.0, 41.148, 0.0], [0.0, 41.148, 3.048]]
[[20.1168, 28.956, 3.048], [20.1168, 28.956, 0.0], [20.1168, 41.148, 0.0], [20.1168, 41.148, 3.048]]
[[0.0, 28.956, 3.048], [0.0, 28.956, 0.0], [20.1168, 28.956, 0.0], [20.1168, 28.956, 3.048]]
[[0.0, 41.148, 3.048], [0.0, 28.956, 3.048], [20.1168, 28.956, 3.048], [20.1168, 41.148, 3.048]]
[[0.0, 53.6448, 0.0], [0.0, 41.148, 0.0], [-14.9352, 41.148, 0.0], [-14.9352, 53.6448, 0.0]]
[[0.0, 41.148, 3.048], [0.0, 41.148, 0.0], [0.0, 53.6448, 0.0], [0.0, 53.6448, 3.048]]
[[0.0, 53.6448, 3.048], [0.0, 53.6448, 0.0], [-14.9352, 53.6448, 0.0], [-14.9352, 53.6448, 3.048]]
[[-14.9352, 41.148, 3.048], [-14.9352, 41.148, 0.0], [0.0, 41.148, 0.0], [0.0, 41.148, 3.048]]
[[-14.9352, 53.6448, 3.048], [-14.9352, 53.6448, 0.0], [-14.9352, 41.148, 0.0], [-14.9352, 41.148, 3.048]]
[[-14.9352, 53.6448, 3.048], [-14.9352, 41.148, 3.048], [0.0, 41.148, 3.048], [0.0, 53.6448, 3.048]]
[[0.0, 56.9976, 0.0], [0.0, 41.148, 0.0], [-3.6576, 41.148, 0.0], [-3.6576, 56.9976, 0.0]]
[[-3.6576, 41.148, 3.048], [-3.6576, 41.148, 0.0], [0.0, 41.148, 0.0], [0.0, 41.148, 3.048]]
[[0.0, 41.148, 3.048], [0.0, 41.148, 0.0], [0.0, 56.9976, 0.0], [0.0, 56.9976, 3.048]]
[[0.0, 56.9976, 3.048], [0.0, 56.9976, 0.0], [-3.6576, 56.9976, 0.0], [-3.6576, 56.9976, 3.048]]
[[-3.6576, 56.9976, 3.048], [-3.6576, 41.148, 3.048], [0.0, 41.148, 3.048], [0.0, 56.9976, 3.048]]
[[-3.6576, 56.9976, 3.048], [-3.6576, 56.9976, 0.0], [-3.6576, 41.148, 0.0], [-3.6576, 41.148, 3.048]]
[[0.0, 41.148, 0.0], [0.0, 35.052, 0.0], [-23.1648, 35.052, 0.0], [-23.1648, 41.148, 0.0]]
[[-23.1648, 35.052, 3.048], [-23.1648, 35.052, 0.0], [0.0, 35.052, 0.0], [0.0, 35.052, 3.048]]
[[-23.1648, 41.148, 3.048], [-23.1648, 41.148, 0.0], [-23.1648, 35.052, 0.0], [-23.1648, 35.052, 3.048]]
[[0.0, 41.148, 3.048], [0.0, 41.148, 0.0], [-23.1648, 41.148, 0.0], [-23.1648, 41.148, 3.048]]
[[0.0, 35.052, 3.048], [0.0, 35.052, 0.0], [0.0, 41.148, 0.0], [0.0, 41.148, 3.048]]
[[-23.1648, 41.148, 3.048], [-23.1648, 35.052, 3.048], [0.0, 35.052, 3.048], [0.0, 41.148, 3.048]]
[[0.0, 53.6448, 0.0], [0.0, 41.148, 0.0], [-14.9352, 41.148, 0.0], [-14.9352, 53.6448, 0.0]]
[[0.0, 53.6448, 3.048], [0.0, 53.6448, 0.0], [-14.9352, 53.6448, 0.0], [-14.9352, 53.6448, 3.048]]
[[0.0, 41.148, 3.048], [0.0, 41.148, 0.0], [0.0, 53.6448, 0.0], [0.0, 53.6448, 3.048]]
[[-14.9352, 41.148, 3.048], [-14.9352, 41.148, 0.0], [0.0, 41.148, 0.0], [0.0, 41.148, 3.048]]
[[-14.9352, 53.6448, 3.048], [-14.9352, 53.6448, 0.0], [-14.9352, 41.148, 0.0], [-14.9352, 41.148, 3.048]]
[[-14.9352, 53.6448, 3.048], [-14.9352, 41.148, 3.048], [0.0, 41.148, 3.048], [0.0, 53.6448, 3.048]]
[[0.0, 41.148, 0.0], [0.0, 28.956, 0.0], [-15.24, 28.956, 0.0], [-15.24, 41.148, 0.0]]
[[-15.24, 28.956, 3.048], [-15.24, 28.956, 0.0], [0.0, 28.956, 0.0], [0.0, 28.956, 3.048]]
[[-15.24, 41.148, 3.048], [-15.24, 41.148, 0.0], [-15.24, 28.956, 0.0], [-15.24, 28.956, 3.048]]
[[0.0, 41.148, 3.048], [0.0, 41.148, 0.0], [-15.24, 41.148, 0.0], [-15.24, 41.148, 3.048]]
[[-15.24, 41.148, 3.048], [-15.24, 28.956, 3.048], [0.0, 28.956, 3.048], [0.0, 41.148, 3.048]]
[[0.0, 28.956, 3.048], [0.0, 28.956, 0.0], [0.0, 41.148, 0.0], [0.0, 41.148, 3.048]]
[[0.0, 56.388, 0.0], [0.0, 41.148, 0.0], [-29.8704, 41.148, 0.0], [-29.8704, 56.388, 0.0]]
[[0.0, 56.388, 3.048], [0.0, 56.388, 0.0], [-29.8704, 56.388, 0.0], [-29.8704, 56.388, 3.048]]
[[-29.8704, 41.148, 3.048], [-29.8704, 41.148, 0.0], [0.0, 41.148, 0.0], [0.0, 41.148, 3.048]]
[[0.0, 41.148, 3.048], [0.0, 41.148, 0.0], [0.0, 56.388, 0.0], [0.0, 56.388, 3.048]]
[[-29.8704, 56.388, 3.048], [-29.8704, 41.148, 3.048], [0.0, 41.148, 3.048], [0.0, 56.388, 3.048]]
[[-29.8704, 56.388, 3.048], [-29.8704, 56.388, 0.0], [-29.8704, 41.148, 0.0], [-29.8704, 41.148, 3.048]]
[[0.0, 49.0728, 0.0], [0.0, 41.148, 0.0], [-26.2128, 41.148, 0.0], [-26.2128, 49.0728, 0.0]]
[[0.0, 41.148, 3.048], [0.0, 41.148, 0.0], [0.0, 49.0728, 0.0], [0.0, 49.0728, 3.048]]
[[-26.2128, 49.0728, 3.048], [-26.2128, 49.0728, 0.0], [-26.2128, 41.148, 0.0], [-26.2128, 41.148, 3.048]]
[[-26.2128, 41.148, 3.048], [-26.2128, 41.148, 0.0], [0.0, 41.148, 0.0], [0.0, 41.148, 3.048]]
[[-26.2128, 49.0728, 3.048], [-26.2128, 41.148, 3.048], [0.0, 41.148, 3.048], [0.0, 49.0728, 3.048]]
[[0.0, 49.0728, 3.048], [0.0, 49.0728, 0.0], [-26.2128, 49.0728, 0.0], [-26.2128, 49.0728, 3.048]]
[[38.1, 50.292, 0.0], [38.1, 41.148, 0.0], [0.0, 41.148, 0.0], [0.0, 50.292, 0.0]]
[[0.0, 41.148, 3.048], [0.0, 41.148, 0.0], [4.572, 41.148, 0.0], [4.572, 41.148, 3.048]]
[[0.0, 50.292, 3.048], [0.0, 50.292, 0.0], [0.0, 41.148, 0.0], [0.0, 41.148, 3.048]]
[[0.0, 50.292, 3.048], [0.0, 41.148, 3.048], [38.1, 41.148, 3.048], [38.1, 50.292, 3.048]]
[[38.1, 50.292, 3.048], [38.1, 50.292, 0.0], [0.0, 50.292, 0.0], [0.0, 50.292, 3.048]]
[[38.1, 41.148, 3.048], [38.1, 41.148, 0.0], [38.1, 50.292, 0.0], [38.1, 50.292, 3.048]]
[[33.528, 41.148, 3.048], [33.528, 41.148, 0.0], [38.1, 41.148, 0.0], [38.1, 41.148, 3.048]]
[[4.572, 41.148, 3.048], [4.572, 41.148, 0.0], [33.528, 41.148, 0.0], [33.528, 41.148, 3.048]]
[[0.0, 41.148, 0.0], [0.0, 28.956, 0.0], [-9.7536, 28.956, 0.0], [-9.7536, 41.148, 0.0]]
[[0.0, 28.956, 3.048], [0.0, 28.956, 0.0], [0.0, 41.148, 0.0], [0.0, 41.148, 3.048]]
[[-9.7536, 28.956, 3.048], [-9.7536, 28.956, 0.0], [0.0, 28.956, 0.0], [0.0, 28.956, 3.048]]
[[-9.7536, 41.148, 3.048], [-9.7536, 41.148, 0.0], [-9.7536, 28.956, 0.0], [-9.7536, 28.956, 3.048]]
[[-9.7536, 41.148, 3.048], [-9.7536, 28.956, 3.048], [0.0, 28.956, 3.048], [0.0, 41.148, 3.048]]
[[0.0, 41.148, 3.048], [0.0, 41.148, 0.0], [-9.7536, 41.148, 0.0], [-9.7536, 41.148, 3.048]]
[[27.432, 41.148, 0.0], [27.432, 13.716, 0.0], [0.0, 13.716, 0.0], [0.0, 41.148, 0.0]]
[[0.0, 41.148, 3.048], [0.0, 41.148, 0.0], [0.0, 13.716, 0.0], [0.0, 13.716, 3.048]]
[[27.432, 41.148, 3.048], [27.432, 41.148, 0.0], [0.0, 41.148, 0.0], [0.0, 41.148, 3.048]]
[[27.432, 13.716, 3.048], [27.432, 13.716, 0.0], [27.432, 41.148, 0.0], [27.432, 41.148, 3.048]]
[[0.0, 13.716, 3.048], [0.0, 13.716, 0.0], [27.432, 13.716, 0.0], [27.432, 13.716, 3.048]]
[[0.0, 41.148, 3.048], [0.0, 13.716, 3.048], [27.432, 13.716, 3.048], [27.432, 41.148, 3.048]]
[[0.0, 2.1336, 3.048], [0.0, 2.1336, 0.0], [0.0, 41.148, 0.0], [0.0, 41.148, 3.048]]
[[-18.288, -13.716, 3.048], [-18.288, -13.716, 0.0], [0.0, -13.716, 0.0], [0.0, -13.716, 3.048]]
[[0.0, 41.148, 3.048], [0.0, 41.148, 0.0], [-18.288, 41.148, 0.0], [-18.288, 41.148, 3.048]]
[[-18.288, 2.1336, 3.048], [-18.288, -13.716, 3.048], [0.0, -13.716, 3.048], [0.0, 2.1336, 3.048]]
[[-18.288, 41.148, 3.048], [-18.288, 41.148, 0.0], [-18.288, -13.716, 0.0], [-18.288, -13.716, 3.048]]
[[0.0, 41.148, 0.0], [0.0, -13.716, 0.0], [-18.288, -13.716, 0.0], [-18.288, 41.148, 0.0]]
[[-18.288, 41.148, 3.048], [-18.288, 2.1336, 3.048], [0.0, 2.1336, 3.048], [0.0, 41.148, 3.048]]
[[0.0, -13.716, 3.048], [0.0, -13.716, 0.0], [0.0, 2.1336, 0.0], [0.0, 2.1336, 3.048]]
[[0.0, 45.72, 0.0], [0.0, 18.288, 0.0], [-24.9936, 18.288, 0.0], [-24.9936, 45.72, 0.0]]
[[0.0, 18.288, 3.048], [0.0, 18.288, 0.0], [0.0, 45.72, 0.0], [0.0, 45.72, 3.048]]
[[0.0, 45.72, 3.048], [0.0, 45.72, 0.0], [-24.9936, 45.72, 0.0], [-24.9936, 45.72, 3.048]]
[[-24.9936, 45.72, 3.048], [-24.9936, 45.72, 0.0], [-24.9936, 18.288, 0.0], [-24.9936, 18.288, 3.048]]
[[-24.9936, 18.288, 3.048], [-24.9936, 18.288, 0.0], [0.0, 18.288, 0.0], [0.0, 18.288, 3.048]]
[[-24.9936, 45.72, 3.048], [-24.9936, 18.288, 3.048], [0.0, 18.288, 3.048], [0.0, 45.72, 3.048]]
[[0.0, 58.8264, 3.048], [0.0, 58.8264, 0.0], [-29.8704, 58.8264, 0.0], [-29.8704, 58.8264, 3.048]]
[[-29.8704, 58.8264, 3.048], [-29.8704, 41.148, 3.048], [0.0, 41.148, 3.048], [0.0, 58.8264, 3.048]]
[[-29.8704, 41.148, 3.048], [-29.8704, 41.148, 0.0], [0.0, 41.148, 0.0], [0.0, 41.148, 3.048]]
[[0.0, 41.148, 3.048], [0.0, 41.148, 0.0], [0.0, 58.8264, 0.0], [0.0, 58.8264, 3.048]]
[[-29.8704, 58.8264, 3.048], [-29.8704, 58.8264, 0.0], [-29.8704, 41.148, 0.0], [-29.8704, 41.148, 3.048]]
[[0.0, 58.8264, 0.0], [0.0, 41.148, 0.0], [-29.8704, 41.148, 0.0], [-29.8704, 58.8264, 0.0]]
[[0.0, 73.7616, 0.0], [0.0, 41.148, 0.0], [-56.388, 41.148, 0.0], [-56.388, 73.7616, 0.0]]
[[0.0, 73.7616, 3.048], [0.0, 73.7616, 0.0], [-56.388, 73.7616, 0.0], [-56.388, 73.7616, 3.048]]
[[0.0, 41.148, 3.048], [0.0, 41.148, 0.0], [0.0, 73.7616, 0.0], [0.0, 73.7616, 3.048]]
[[-56.388, 41.148, 3.048], [-56.388, 41.148, 0.0], [0.0, 41.148, 0.0], [0.0, 41.148, 3.048]]
[[-56.388, 73.7616, 3.048], [-56.388, 73.7616, 0.0], [-56.388, 44.196, 0.0], [-56.388, 44.196, 3.048]]
[[-56.388, 73.7616, 3.048], [-56.388, 41.148, 3.048], [0.0, 41.148, 3.048], [0.0, 73.7616, 3.048]]
[[-56.388, 44.196, 3.048], [-56.388, 44.196, 0.0], [-56.388, 41.148, 0.0], [-56.388, 41.148, 3.048]]
[[0.0, 41.148, 0.0], [-4.572, 36.576, 0.0], [-60.96, 36.576, 0.0], [-60.96, 41.148, 0.0]]
[[-4.572, 36.576, 3.048], [-4.572, 36.576, 0.0], [0.0, 41.148, 0.0], [0.0, 41.148, 3.048]]
[[-60.96, 36.576, 3.048], [-60.96, 36.576, 0.0], [-4.572, 36.576, 0.0], [-4.572, 36.576, 3.048]]
[[-60.96, 41.148, 3.048], [-60.96, 41.148, 0.0], [-60.96, 36.576, 0.0], [-60.96, 36.576, 3.048]]
[[0.0, 41.148, 3.048], [0.0, 41.148, 0.0], [-60.96, 41.148, 0.0], [-60.96, 41.148, 3.048]]
[[-60.96, 41.148, 3.048], [-60.96, 36.576, 3.048], [-4.572, 36.576, 3.048], [0.0, 41.148, 3.048]]
[[0.0, 82.9056, 0.0], [0.0, 41.148, 0.0], [-4.572, 45.72, 0.0], [-4.572, 78.3336, 0.0]]
[[-4.572, 45.72, 3.048], [-4.572, 45.72, 0.0], [0.0, 41.148, 0.0], [0.0, 41.148, 3.048]]
[[0.0, 41.148, 3.048], [0.0, 41.148, 0.0], [0.0, 82.9056, 0.0], [0.0, 82.9056, 3.048]]
[[0.0, 82.9056, 3.048], [0.0, 82.9056, 0.0], [-4.572, 78.3336, 0.0], [-4.572, 78.3336, 3.048]]
[[-4.572, 78.3336, 3.048], [-4.572, 78.3336, 0.0], [-4.572, 45.72, 0.0], [-4.572, 45.72, 3.048]]
[[0.0, 82.9056, 3.048], [-4.572, 78.3336, 3.048], [-4.572, 45.72, 3.048], [0.0, 41.148, 3.048]]
[[60.96, 41.148, 0.0], [0.0, 41.148, 0.0], [0.0, 45.72, 0.0], [56.388, 45.72, 0.0]]
[[0.0, 45.72, 3.048], [0.0, 41.148, 3.048], [60.96, 41.148, 3.048], [56.388, 45.72, 3.048]]
[[0.0, 45.72, 3.048], [0.0, 45.72, 0.0], [0.0, 41.148, 0.0], [0.0, 41.148, 3.048]]
[[56.388, 45.72, 3.048], [56.388, 45.72, 0.0], [0.0, 45.72, 0.0], [0.0, 45.72, 3.048]]
[[0.0, 41.148, 3.048], [0.0, 41.148, 0.0], [60.96, 41.148, 0.0], [60.96, 41.148, 3.048]]
[[60.96, 41.148, 3.048], [60.96, 41.148, 0.0], [56.388, 45.72, 0.0], [56.388, 45.72, 3.048]]
[[27.432, 41.148, 0.0], [27.432, 35.052, 0.0], [0.0, 35.052, 0.0], [0.0, 41.148, 0.0]]
[[0.0, 41.148, 3.048], [0.0, 41.148, 0.0], [0.0, 35.052, 0.0], [0.0, 35.052, 3.048]]
[[27.432, 41.148, 3.048], [27.432, 41.148, 0.0], [0.0, 41.148, 0.0], [0.0, 41.148, 3.048]]
[[27.432, 35.052, 3.048], [27.432, 35.052, 0.0], [27.432, 41.148, 0.0], [27.432, 41.148, 3.048]]
[[0.0, 35.052, 3.048], [0.0, 35.052, 0.0], [27.432, 35.052, 0.0], [27.432, 35.052, 3.048]]
[[0.0, 41.148, 3.048], [0.0, 35.052, 3.048], [27.432, 35.052, 3.048], [27.432, 41.148, 3.048]]
[[0.0, 71.628, 0.0], [0.0, 41.148, 0.0], [-18.288, 41.148, 0.0], [-18.288, 71.628, 0.0]]
[[0.0, 71.628, 3.048], [0.0, 71.628, 0.0], [-18.288, 71.628, 0.0], [-18.288, 71.628, 3.048]]
[[-18.288, 41.148, 3.048], [-18.288, 41.148, 0.0], [0.0, 41.148, 0.0], [0.0, 41.148, 3.048]]
[[0.0, 41.148, 3.048], [0.0, 41.148, 0.0], [0.0, 71.628, 0.0], [0.0, 71.628, 3.048]]
[[-18.288, 71.628, 3.048], [-18.288, 71.628, 0.0], [-18.288, 41.148, 0.0], [-18.288, 41.148, 3.048]]
[[-18.288, 71.628, 3.048], [-18.288, 41.148, 3.048], [0.0, 41.148, 3.048], [0.0, 71.628, 3.048]]
[[0.0, 42.0624, 0.0], [0.0, 23.7744, 0.0], [-24.9936, 23.7744, 0.0], [-24.9936, 42.0624, 0.0]]
[[0.0, 23.7744, 3.048], [0.0, 23.7744, 0.0], [0.0, 42.0624, 0.0], [0.0, 42.0624, 3.048]]
[[-24.9936, 23.7744, 3.048], [-24.9936, 23.7744, 0.0], [0.0, 23.7744, 0.0], [0.0, 23.7744, 3.048]]
[[-24.9936, 42.0624, 3.048], [-24.9936, 42.0624, 0.0], [-24.9936, 23.7744, 0.0], [-24.9936, 23.7744, 3.048]]
[[0.0, 42.0624, 3.048], [0.0, 42.0624, 0.0], [-24.9936, 42.0624, 0.0], [-24.9936, 42.0624, 3.048]]
[[-24.9936, 42.0624, 3.048], [-24.9936, 23.7744, 3.048], [0.0, 23.7744, 3.048], [0.0, 42.0624, 3.048]]
[[0.0, 41.148, 0.0], [0.0, 33.2232, 0.0], [-26.2128, 33.2232, 0.0], [-26.2128, 41.148, 0.0]]
[[0.0, 33.2232, 3.048], [0.0, 33.2232, 0.0], [0.0, 41.148, 0.0], [0.0, 41.148, 3.048]]
[[-26.2128, 41.148, 3.048], [-26.2128, 41.148, 0.0], [-26.2128, 33.2232, 0.0], [-26.2128, 33.2232, 3.048]]
[[-26.2128, 33.2232, 3.048], [-26.2128, 33.2232, 0.0], [0.0, 33.2232, 0.0], [0.0, 33.2232, 3.048]]
[[-26.2128, 41.148, 3.048], [-26.2128, 33.2232, 3.048], [0.0, 33.2232, 3.048], [0.0, 41.148, 3.048]]
[[0.0, 41.148, 3.048], [0.0, 41.148, 0.0], [-26.2128, 41.148, 0.0], [-26.2128, 41.148, 3.048]]
[[4.2672, 41.148, 0.0], [4.2672, 28.956, 0.0], [0.0, 28.956, 0.0], [0.0, 41.148, 0.0]]
[[0.0, 28.956, 3.048], [0.0, 28.956, 0.0], [4.2672, 28.956, 0.0], [4.2672, 28.956, 3.048]]
[[0.0, 41.148, 3.048], [0.0, 41.148, 0.0], [0.0, 28.956, 0.0], [0.0, 28.956, 3.048]]
[[0.0, 41.148, 3.048], [0.0, 28.956, 3.048], [4.2672, 28.956, 3.048], [4.2672, 41.148, 3.048]]
[[4.2672, 41.148, 3.048], [4.2672, 41.148, 0.0], [0.0, 41.148, 0.0], [0.0, 41.148, 3.048]]
[[4.2672, 28.956, 3.048], [4.2672, 28.956, 0.0], [4.2672, 41.148, 0.0], [4.2672, 41.148, 3.048]]
[[0.0, 42.0624, 0.0], [0.0, 35.9664, 0.0], [-7.3152, 35.9664, 0.0], [-7.3152, 42.0624, 0.0]]
[[-7.3152, 42.0624, 3.048], [-7.3152, 42.0624, 0.0], [-7.3152, 35.9664, 0.0], [-7.3152, 35.9664, 3.048]]
[[-7.3152, 42.0624, 3.048], [-7.3152, 35.9664, 3.048], [0.0, 35.9664, 3.048], [0.0, 42.0624, 3.048]]
[[0.0, 42.0624, 3.048], [0.0, 42.0624, 0.0], [-7.3152, 42.0624, 0.0], [-7.3152, 42.0624, 3.048]]
[[0.0, 35.9664, 3.048], [0.0, 35.9664, 0.0], [0.0, 42.0624, 0.0], [0.0, 42.0624, 3.048]]
[[-7.3152, 35.9664, 3.048], [-7.3152, 35.9664, 0.0], [0.0, 35.9664, 0.0], [0.0, 35.9664, 3.048]]
[[0.0, 68.58, 0.0], [0.0, 41.148, 0.0], [-18.288, 41.148, 0.0], [-18.288, 68.58, 0.0]]
[[0.0, 68.58, 3.048], [0.0, 68.58, 0.0], [-18.288, 68.58, 0.0], [-18.288, 68.58, 3.048]]
[[-18.288, 41.148, 3.048], [-18.288, 41.148, 0.0], [0.0, 41.148, 0.0], [0.0, 41.148, 3.048]]
[[-18.288, 68.58, 3.048], [-18.288, 41.148, 3.048], [0.0, 41.148, 3.048], [0.0, 68.58, 3.048]]
[[-18.288, 68.58, 3.048], [-18.288, 68.58, 0.0], [-18.288, 41.148, 0.0], [-18.288, 41.148, 3.048]]
[[0.0, 41.148, 3.048], [0.0, 41.148, 0.0], [0.0, 68.58, 0.0], [0.0, 68.58, 3.048]]
[[0.0, 41.148, 0.0], [0.0, 35.052, 0.0], [-23.1648, 35.052, 0.0], [-23.1648, 41.148, 0.0]]
[[-23.1648, 41.148, 3.048], [-23.1648, 41.148, 0.0], [-23.1648, 35.052, 0.0], [-23.1648, 35.052, 3.048]]
[[0.0, 35.052, 3.048], [0.0, 35.052, 0.0], [0.0, 41.148, 0.0], [0.0, 41.148, 3.048]]
[[0.0, 41.148, 3.048], [0.0, 41.148, 0.0], [-23.1648, 41.148, 0.0], [-23.1648, 41.148, 3.048]]
[[-23.1648, 35.052, 3.048], [-23.1648, 35.052, 0.0], [0.0, 35.052, 0.0], [0.0, 35.052, 3.048]]
[[-23.1648, 41.148, 3.048], [-23.1648, 35.052, 3.048], [0.0, 35.052, 3.048], [0.0, 41.148, 3.048]]
[[0.0, 50.292, 3.048], [0.0, 41.148, 3.048], [-20.7264, 41.148, 3.048], [-20.7264, 50.292, 3.048]]
[[-20.7264, 50.292, 6.096], [-20.7264, 41.148, 6.096], [0.0, 41.148, 6.096], [0.0, 50.292, 6.096]]
[[0.0, 50.292, 6.096], [0.0, 50.292, 3.048], [-20.7264, 50.292, 3.048], [-20.7264, 50.292, 6.096]]
[[0.0, 41.148, 6.096], [0.0, 41.148, 3.048], [0.0, 50.292, 3.048], [0.0, 50.292, 6.096]]
[[-20.7264, 41.148, 6.096], [-20.7264, 41.148, 3.048], [0.0, 41.148, 3.048], [0.0, 41.148, 6.096]]
[[-20.7264, 50.292, 6.096], [-20.7264, 50.292, 3.048], [-20.7264, 41.148, 3.048], [-20.7264, 41.148, 6.096]]
[[0.0, 41.148, 3.048], [0.0, 34.1376, 3.048], [-6.4008, 34.1376, 3.048], [-6.4008, 41.148, 3.048]]
[[0.0, 41.148, 6.096], [0.0, 41.148, 3.048], [-6.4008, 41.148, 3.048], [-6.4008, 41.148, 6.096]]
[[0.0, 34.1376, 6.096], [0.0, 34.1376, 3.048], [0.0, 41.148, 3.048], [0.0, 41.148, 6.096]]
[[-6.4008, 41.148, 6.096], [-6.4008, 34.1376, 6.096], [0.0, 34.1376, 6.096], [0.0, 41.148, 6.096]]
[[-6.4008, 41.148, 6.096], [-6.4008, 41.148, 3.048], [-6.4008, 34.1376, 3.048], [-6.4008, 34.1376, 6.096]]
[[-6.4008, 34.1376, 6.096], [-6.4008, 34.1376, 3.048], [0.0, 34.1376, 3.048], [0.0, 34.1376, 6.096]]
[[0.0, 46.0248, 3.048], [0.0, 41.148, 3.048], [-6.096, 41.148, 3.048], [-6.096, 46.0248, 3.048]]
[[0.0, 46.0248, 6.096], [0.0, 46.0248, 3.048], [-6.096, 46.0248, 3.048], [-6.096, 46.0248, 6.096]]
[[-6.096, 46.0248, 6.096], [-6.096, 46.0248, 3.048], [-6.096, 41.148, 3.048], [-6.096, 41.148, 6.096]]
[[-6.096, 41.148, 6.096], [-6.096, 41.148, 3.048], [0.0, 41.148, 3.048], [0.0, 41.148, 6.096]]
[[0.0, 41.148, 6.096], [0.0, 41.148, 3.048], [0.0, 46.0248, 3.048], [0.0, 46.0248, 6.096]]
[[-6.096, 46.0248, 6.096], [-6.096, 41.148, 6.096], [0.0, 41.148, 6.096], [0.0, 46.0248, 6.096]]
[[-158.496, 41.148, 6.096], [-158.496, 41.148, 3.048], [0.0, 41.148, 3.048], [0.0, 41.148, 6.096]]
[[0.0, 41.148, 6.096], [0.0, 41.148, 3.048], [0.0, 44.196, 3.048], [0.0, 44.196, 6.096]]
[[0.0, 44.196, 6.096], [0.0, 44.196, 3.048], [-158.496, 44.196, 3.048], [-158.496, 44.196, 6.096]]
[[0.0, 44.196, 3.048], [0.0, 41.148, 3.048], [-158.496, 41.148, 3.048], [-158.496, 44.196, 3.048]]
[[-158.496, 44.196, 6.096], [-158.496, 41.148, 6.096], [-127.406, 41.148, 6.096], [-127.406, 44.196, 6.096]]
[[-158.496, 44.196, 6.096], [-158.496, 44.196, 3.048], [-158.496, 41.148, 3.048], [-158.496, 41.148, 6.096]]
[[-127.406, 44.196, 6.096], [-127.406, 41.148, 6.096], [0.0, 41.148, 6.096], [0.0, 44.196, 6.096]]
[[0.0, 50.292, 3.048], [0.0, 41.148, 3.048], [-18.288, 41.148, 3.048], [-18.288, 50.292, 3.048]]
[[-18.288, 41.148, 6.096], [-18.288, 41.148, 3.048], [0.0, 41.148, 3.048], [0.0, 41.148, 6.096]]
[[0.0, 50.292, 6.096], [0.0, 50.292, 3.048], [-18.288, 50.292, 3.048], [-18.288, 50.292, 6.096]]
[[0.0, 41.148, 6.096], [0.0, 41.148, 3.048], [0.0, 50.292, 3.048], [0.0, 50.292, 6.096]]
[[-18.288, 50.292, 6.096], [-18.288, 50.292, 3.048], [-18.288, 41.148, 3.048], [-18.288, 41.148, 6.096]]
[[-18.288, 50.292, 6.096], [-18.288, 41.148, 6.096], [0.0, 41.148, 6.096], [0.0, 50.292, 6.096]]
[[0.0, 59.436, 6.096], [0.0, 41.148, 6.096], [21.336, 41.148, 6.096], [21.336, 59.436, 6.096]]
[[21.336, 41.148, 6.096], [21.336, 41.148, 3.048], [21.336, 59.436, 3.048], [21.336, 59.436, 6.096]]
[[0.0, 59.436, 6.096], [0.0, 59.436, 3.048], [0.0, 41.148, 3.048], [0.0, 41.148, 6.096]]
[[0.0, 41.148, 6.096], [0.0, 41.148, 3.048], [21.336, 41.148, 3.048], [21.336, 41.148, 6.096]]
[[21.336, 59.436, 6.096], [21.336, 59.436, 3.048], [0.0, 59.436, 3.048], [0.0, 59.436, 6.096]]
[[21.336, 59.436, 3.048], [21.336, 41.148, 3.048], [0.0, 41.148, 3.048], [0.0, 59.436, 3.048]]
[[0.0, 38.1, 3.048], [0.0, 28.956, 3.048], [-13.716, 28.956, 3.048], [-13.716, 38.1, 3.048]]
[[0.0, 28.956, 6.096], [0.0, 28.956, 3.048], [0.0, 38.1, 3.048], [0.0, 38.1, 6.096]]
[[0.0, 38.1, 6.096], [0.0, 38.1, 3.048], [-13.716, 38.1, 3.048], [-13.716, 38.1, 6.096]]
[[-13.716, 38.1, 6.096], [-13.716, 28.956, 6.096], [0.0, 28.956, 6.096], [0.0, 38.1, 6.096]]
[[-13.716, 38.1, 6.096], [-13.716, 38.1, 3.048], [-13.716, 28.956, 3.048], [-13.716, 28.956, 6.096]]
[[-13.716, 28.956, 6.096], [-13.716, 28.956, 3.048], [0.0, 28.956, 3.048], [0.0, 28.956, 6.096]]
[[0.0, 54.864, 3.048], [0.0, 41.148, 3.048], [-27.432, 41.148, 3.048], [-27.432, 54.864, 3.048]]
[[-27.432, 41.148, 6.096], [-27.432, 41.148, 3.048], [0.0, 41.148, 3.048], [0.0, 41.148, 6.096]]
[[0.0, 54.864, 6.096], [0.0, 54.864, 3.048], [-27.432, 54.864, 3.048], [-27.432, 54.864, 6.096]]
[[-27.432, 54.864, 6.096], [-27.432, 54.864, 3.048], [-27.432, 41.148, 3.048], [-27.432, 41.148, 6.096]]
[[0.0, 41.148, 6.096], [0.0, 41.148, 3.048], [0.0, 54.864, 3.048], [0.0, 54.864, 6.096]]
[[-27.432, 54.864, 6.096], [-27.432, 41.148, 6.096], [0.0, 41.148, 6.096], [0.0, 54.864, 6.096]]
[[0.0, 53.34, 3.048], [0.0, 41.148, 3.048], [-30.48, 41.148, 3.048], [-30.48, 53.34, 3.048]]
[[-30.48, 41.148, 6.096], [-30.48, 41.148, 3.048], [0.0, 41.148, 3.048], [0.0, 41.148, 6.096]]
[[-30.48, 53.34, 6.096], [-30.48, 53.34, 3.048], [-30.48, 41.148, 3.048], [-30.48, 41.148, 6.096]]
[[0.0, 53.34, 6.096], [0.0, 53.34, 3.048], [-30.48, 53.34, 3.048], [-30.48, 53.34, 6.096]]
[[-30.48, 47.244, 6.096], [-30.48, 41.148, 6.096], [0.0, 41.148, 6.096], [0.0, 47.244, 6.096]]
[[0.0, 41.148, 6.096], [0.0, 41.148, 3.048], [0.0, 53.34, 3.048], [0.0, 53.34, 6.096]]
[[-30.48, 53.34, 6.096], [-30.48, 47.244, 6.096], [0.0, 47.244, 6.096], [0.0, 53.34, 6.096]]
[[0.0, 50.292, 3.048], [0.0, 41.148, 3.048], [-18.288, 41.148, 3.048], [-18.288, 50.292, 3.048]]
[[-18.288, 41.148, 6.096], [-18.288, 41.148, 3.048], [0.0, 41.148, 3.048], [0.0, 41.148, 6.096]]
[[0.0, 50.292, 6.096], [0.0, 50.292, 3.048], [-18.288, 50.292, 3.048], [-18.288, 50.292, 6.096]]
[[-18.288, 50.292, 6.096], [-18.288, 50.292, 3.048], [-18.288, 41.148, 3.048], [-18.288, 41.148, 6.096]]
[[0.0, 41.148, 6.096], [0.0, 41.148, 3.048], [0.0, 50.292, 3.048], [0.0, 50.292, 6.096]]
[[-18.288, 50.292, 6.096], [-18.288, 41.148, 6.096], [0.0, 41.148, 6.096], [0.0, 50.292, 6.096]]
[[-23.4696, 41.148, 6.096], [-23.4696, 32.004, 6.096], [0.0, 32.004, 6.096], [0.0, 41.148, 6.096]]
[[-23.4696, 32.004, 6.096], [-23.4696, 32.004, 3.048], [0.0, 32.004, 3.048], [0.0, 32.004, 6.096]]
[[0.0, 41.148, 6.096], [0.0, 41.148, 3.048], [-23.4696, 41.148, 3.048], [-23.4696, 41.148, 6.096]]
[[-23.4696, 41.148, 6.096], [-23.4696, 41.148, 3.048], [-23.4696, 32.004, 3.048], [-23.4696, 32.004, 6.096]]
[[0.0, 32.004, 6.096], [0.0, 32.004, 3.048], [0.0, 41.148, 3.048], [0.0, 41.148, 6.096]]
[[0.0, 41.148, 3.048], [0.0, 32.004, 3.048], [-23.4696, 32.004, 3.048], [-23.4696, 41.148, 3.048]]
[[-51.816, 41.148, 6.096], [-51.816, 41.148, 3.048], [0.0, 41.148, 3.048], [0.0, 41.148, 6.096]]
[[0.0, 47.244, 6.096], [0.0, 47.244, 3.048], [-51.816, 47.244, 3.048], [-51.816, 47.244, 6.096]]
[[-51.816, 47.244, 6.096], [-51.816, 47.244, 3.048], [-51.816, 41.148, 3.048], [-51.816, 41.148, 6.096]]
[[-20.7264, 47.244, 6.096], [-20.7264, 41.148, 6.096], [0.0, 41.148, 6.096], [0.0, 47.244, 6.096]]
[[0.0, 41.148, 6.096], [0.0, 41.148, 3.048], [0.0, 47.244, 3.048], [0.0, 47.244, 6.096]]
[[0.0, 47.244, 3.048], [0.0, 41.148, 3.048], [-51.816, 41.148, 3.048], [-51.816, 47.244, 3.048]]
[[-51.816, 47.244, 6.096], [-51.816, 41.148, 6.096], [-20.7264, 41.148, 6.096], [-20.7264, 47.244, 6.096]]
[[6.096, 47.244, 3.048], [6.096, 41.148, 3.048], [-54.864, 41.148, 3.048], [-54.864, 47.244, 3.048]]
[[6.096, 47.244, 6.096], [6.096, 47.244, 3.048], [-54.864, 47.244, 3.048], [-54.864, 47.244, 6.096]]
[[6.096, 41.148, 6.096], [6.096, 41.148, 3.048], [6.096, 47.244, 3.048], [6.096, 47.244, 6.096]]
[[-54.864, 41.148, 6.096], [-54.864, 41.148, 3.048], [6.096, 41.148, 3.048], [6.096, 41.148, 6.096]]
[[-54.864, 47.244, 6.096], [-54.864, 47.244, 3.048], [-54.864, 41.148, 3.048], [-54.864, 41.148, 6.096]]
[[-54.864, 47.244, 6.096], [-54.864, 41.148, 6.096], [6.096, 41.148, 6.096], [6.096, 47.244, 6.096]]
[[0.0, 28.956, 6.096], [0.0, 28.956, 3.048], [0.0, 41.148, 3.048], [0.0, 41.148, 6.096]]
[[0.0, 41.148, 6.096], [0.0, 41.148, 3.048], [-17.3736, 41.148, 3.048], [-17.3736, 41.148, 6.096]]
[[-17.3736, 41.148, 6.096], [-17.3736, 28.956, 6.096], [0.0, 28.956, 6.096], [0.0, 41.148, 6.096]]
[[-17.3736, 41.148, 6.096], [-17.3736, 41.148, 3.048], [-17.3736, 28.956, 3.048], [-17.3736, 28.956, 6.096]]
[[0.0, 41.148, 3.048], [0.0, 28.956, 3.048], [-17.3736, 28.956, 3.048], [-17.3736, 41.148, 3.048]]
[[-17.3736, 28.956, 6.096], [-17.3736, 28.956, 3.048], [0.0, 28.956, 3.048], [0.0, 28.956, 6.096]]
[[-20.7264, 33.528, 6.096], [-20.7264, 33.528, 3.048], [0.0, 33.528, 3.048], [0.0, 33.528, 6.096]]
[[-20.7264, 48.768, 6.096], [-20.7264, 43.2816, 6.096], [0.0, 43.2816, 6.096], [0.0, 48.768, 6.096]]
[[-20.7264, 48.768, 6.096], [-20.7264, 48.768, 3.048], [-20.7264, 33.528, 3.048], [-20.7264, 33.528, 6.096]]
[[0.0, 48.768, 6.096], [0.0, 48.768, 3.048], [-20.7264, 48.768, 3.048], [-20.7264, 48.768, 6.096]]
[[-20.7264, 43.2816, 6.096], [-20.7264, 33.528, 6.096], [0.0, 33.528, 6.096], [0.0, 43.2816, 6.096]]
[[0.0, 48.768, 3.048], [0.0, 33.528, 3.048], [-20.7264, 33.528, 3.048], [-20.7264, 48.768, 3.048]]
[[0.0, 33.528, 6.096], [0.0, 33.528, 3.048], [0.0, 48.768, 3.048], [0.0, 48.768, 6.096]]
[[0.0, 50.292, 3.048], [0.0, 41.148, 3.048], [-7.62, 41.148, 3.048], [-7.62, 50.292, 3.048]]
[[-7.62, 41.148, 6.096], [-7.62, 41.148, 3.048], [0.0, 41.148, 3.048], [0.0, 41.148, 6.096]]
[[-7.62, 50.292, 6.096], [-7.62, 50.292, 3.048], [-7.62, 41.148, 3.048], [-7.62, 41.148, 6.096]]
[[0.0, 50.292, 6.096], [0.0, 50.292, 3.048], [-7.62, 50.292, 3.048], [-7.62, 50.292, 6.096]]
[[-7.62, 50.292, 6.096], [-7.62, 41.148, 6.096], [0.0, 41.148, 6.096], [0.0, 50.292, 6.096]]
[[0.0, 41.148, 6.096], [0.0, 41.148, 3.048], [0.0, 50.292, 3.048], [0.0, 50.292, 6.096]]
[[0.0, 47.244, 3.048], [0.0, 41.148, 3.048], [-18.288, 41.148, 3.048], [-18.288, 47.244, 3.048]]
[[0.0, 47.244, 6.096], [0.0, 47.244, 3.048], [-18.288, 47.244, 3.048], [-18.288, 47.244, 6.096]]
[[-18.288, 47.244, 6.096], [-18.288, 41.148, 6.096], [0.0, 41.148, 6.096], [0.0, 47.244, 6.096]]
[[-18.288, 41.148, 6.096], [-18.288, 41.148, 3.048], [0.0, 41.148, 3.048], [0.0, 41.148, 6.096]]
[[-18.288, 47.244, 6.096], [-18.288, 47.244, 3.048], [-18.288, 41.148, 3.048], [-18.288, 41.148, 6.096]]
[[0.0, 41.148, 6.096], [0.0, 41.148, 3.048], [0.0, 47.244, 3.048], [0.0, 47.244, 6.096]]
[[0.0, 51.816, 3.048], [0.0, 41.148, 3.048], [-7.62, 41.148, 3.048], [-7.62, 51.816, 3.048]]
[[0.0, 41.148, 6.096], [0.0, 41.148, 3.048], [0.0, 51.816, 3.048], [0.0, 51.816, 6.096]]
[[0.0, 51.816, 6.096], [0.0, 51.816, 3.048], [-7.62, 51.816, 3.048], [-7.62, 51.816, 6.096]]
[[-7.62, 41.148, 6.096], [-7.62, 41.148, 3.048], [0.0, 41.148, 3.048], [0.0, 41.148, 6.096]]
[[-7.62, 51.816, 6.096], [-7.62, 51.816, 3.048], [-7.62, 41.148, 3.048], [-7.62, 41.148, 6.096]]
[[-7.62, 51.816, 6.096], [-7.62, 41.148, 6.096], [0.0, 41.148, 6.096], [0.0, 51.816, 6.096]]
[[0.0, 41.148, 3.048], [0.0, 14.9352, 3.048], [-4.572, 14.9352, 3.048], [-4.572, 41.148, 3.048]]
[[0.0, 14.9352, 6.096], [0.0, 14.9352, 3.048], [0.0, 41.148, 3.048], [0.0, 41.148, 6.096]]
[[-4.572, 41.148, 6.096], [-4.572, 14.9352, 6.096], [0.0, 14.9352, 6.096], [0.0, 41.148, 6.096]]
[[-4.572, 41.148, 6.096], [-4.572, 41.148, 3.048], [-4.572, 14.9352, 3.048], [-4.572, 14.9352, 6.096]]
[[-4.572, 14.9352, 6.096], [-4.572, 14.9352, 3.048], [0.0, 14.9352, 3.048], [0.0, 14.9352, 6.096]]
[[0.0, 41.148, 6.096], [0.0, 41.148, 3.048], [-4.572, 41.148, 3.048], [-4.572, 41.148, 6.096]]
[[0.0, 53.34, 3.048], [0.0, 41.148, 3.048], [-30.48, 41.148, 3.048], [-30.48, 53.34, 3.048]]
[[-30.48, 41.148, 6.096], [-30.48, 41.148, 3.048], [0.0, 41.148, 3.048], [0.0, 41.148, 6.096]]
[[-30.48, 53.34, 6.096], [-30.48, 53.34, 3.048], [-30.48, 41.148, 3.048], [-30.48, 41.148, 6.096]]
[[-30.48, 47.244, 6.096], [-30.48, 41.148, 6.096], [0.0, 41.148, 6.096], [0.0, 47.244, 6.096]]
[[0.0, 41.148, 6.096], [0.0, 41.148, 3.048], [0.0, 53.34, 3.048], [0.0, 53.34, 6.096]]
[[0.0, 53.34, 6.096], [0.0, 53.34, 3.048], [-30.48, 53.34, 3.048], [-30.48, 53.34, 6.096]]
[[-30.48, 53.34, 6.096], [-30.48, 47.244, 6.096], [0.0, 47.244, 6.096], [0.0, 53.34, 6.096]]
[[17.3736, 41.148, 3.048], [17.3736, 35.052, 3.048], [-18.288, 35.052, 3.048], [-18.288, 41.148, 3.048]]
[[17.3736, 41.148, 6.096], [17.3736, 41.148, 3.048], [-18.288, 41.148, 3.048], [-18.288, 41.148, 6.096]]
[[-18.288, 35.052, 6.096], [-18.288, 35.052, 3.048], [17.3736, 35.052, 3.048], [17.3736, 35.052, 6.096]]
[[-18.288, 41.148, 6.096], [-18.288, 41.148, 3.048], [-18.288, 35.052, 3.048], [-18.288, 35.052, 6.096]]
[[17.3736, 35.052, 6.096], [17.3736, 35.052, 3.048], [17.3736, 41.148, 3.048], [17.3736, 41.148, 6.096]]
[[-18.288, 41.148, 6.096], [-18.288, 35.052, 6.096], [17.3736, 35.052, 6.096], [17.3736, 41.148, 6.096]]
[[0.0, 41.148, 3.048], [0.0, 31.3944, 3.048], [-18.288, 31.3944, 3.048], [-18.288, 41.148, 3.048]]
[[-18.288, 41.148, 6.096], [-18.288, 41.148, 3.048], [-18.288, 31.3944, 3.048], [-18.288, 31.3944, 6.096]]
[[0.0, 31.3944, 6.096], [0.0, 31.3944, 3.048], [0.0, 41.148, 3.048], [0.0, 41.148, 6.096]]
[[0.0, 41.148, 6.096], [0.0, 41.148, 3.048], [-18.288, 41.148, 3.048], [-18.288, 41.148, 6.096]]
[[-18.288, 41.148, 6.096], [-18.288, 31.3944, 6.096], [0.0, 31.3944, 6.096], [0.0, 41.148, 6.096]]
[[-18.288, 31.3944, 6.096], [-18.288, 31.3944, 3.048], [0.0, 31.3944, 3.048], [0.0, 31.3944, 6.096]]
[[18.288, 47.244, 6.096], [18.288, 47.244, 3.048], [-27.432, 47.244, 3.048], [-27.432, 47.244, 6.096]]
[[18.288, 41.148, 6.096], [18.288, 41.148, 3.048], [18.288, 47.244, 3.048], [18.288, 47.244, 6.096]]
[[-27.432, 47.244, 6.096], [-27.432, 41.148, 6.096], [18.288, 41.148, 6.096], [18.288, 47.244, 6.096]]
[[-27.432, 47.244, 6.096], [-27.432, 47.244, 3.048], [-27.432, 41.148, 3.048], [-27.432, 41.148, 6.096]]
[[-27.432, 41.148, 6.096], [-27.432, 41.148, 3.048], [18.288, 41.148, 3.048], [18.288, 41.148, 6.096]]
[[18.288, 47.244, 3.048], [18.288, 41.148, 3.048], [-27.432, 41.148, 3.048], [-27.432, 47.244, 3.048]]
[[0.0, 51.816, 3.048], [0.0, 41.148, 3.048], [-30.48, 41.148, 3.048], [-30.48, 51.816, 3.048]]
[[-30.48, 51.816, 6.096], [-30.48, 41.148, 6.096], [0.0, 41.148, 6.096], [0.0, 51.816, 6.096]]
[[0.0, 41.148, 6.096], [0.0, 41.148, 3.048], [0.0, 51.816, 3.048], [0.0, 51.816, 6.096]]
[[-30.48, 51.816, 6.096], [-30.48, 51.816, 3.048], [-30.48, 41.148, 3.048], [-30.48, 41.148, 6.096]]
[[-30.48, 41.148, 6.096], [-30.48, 41.148, 3.048], [0.0, 41.148, 3.048], [0.0, 41.148, 6.096]]
[[0.0, 51.816, 6.096], [0.0, 51.816, 3.048], [-30.48, 51.816, 3.048], [-30.48, 51.816, 6.096]]
[[0.0, 0.0, 0.0], [0.0, -37.1856, 0.0], [-48.1584, -37.1856, 0.0], [-48.1584, 0.0, 0.0]]
[[-48.1584, 0.0, 3.048], [-48.1584, 0.0, 0.0], [-48.1584, -17.6784, 0.0], [-48.1584, -17.6784, 3.048]]
[[0.0, -37.1856, 3.048], [0.0, -37.1856, 0.0], [0.0, 0.0, 0.0], [0.0, 0.0, 3.048]]
[[-27.432, 0.0, 3.048], [-27.432, -37.1856, 3.048], [0.0, -37.1856, 3.048], [0.0, 0.0, 3.048]]
[[-48.1584, -37.1856, 3.048], [-48.1584, -37.1856, 0.0], [0.0, -37.1856, 0.0], [0.0, -37.1856, 3.048]]
[[0.0, 0.0, 3.048], [0.0, 0.0, 0.0], [-48.1584, 0.0, 0.0], [-48.1584, 0.0, 3.048]]
[[-48.1584, -17.6784, 3.048], [-48.1584, -17.6784, 0.0], [-48.1584, -37.1856, 0.0], [-48.1584, -37.1856, 3.048]]
[[-48.1584, 0.0, 3.048], [-48.1584, -37.1856, 3.048], [-27.432, -37.1856, 3.048], [-27.432, 0.0, 3.048]]
[[-27.432, 54.864, 6.096], [-27.432, 54.864, 3.048], [-27.432, 41.148, 3.048], [-27.432, 41.148, 6.096]]
[[0.0, 41.148, 6.096], [0.0, 41.148, 3.048], [0.0, 43.2816, 3.048], [0.0, 43.2816, 6.096]]
[[0.0, 54.864, 6.096], [0.0, 54.864, 3.048], [-27.432, 54.864, 3.048], [-27.432, 54.864, 6.096]]
[[0.0, 54.864, 3.048], [0.0, 41.148, 3.048], [-27.432, 41.148, 3.048], [-27.432, 54.864, 3.048]]
[[-27.432, 54.864, 6.096], [-27.432, 41.148, 6.096], [0.0, 41.148, 6.096], [0.0, 54.864, 6.096]]
[[-27.432, 41.148, 6.096], [-27.432, 41.148, 3.048], [0.0, 41.148, 3.048], [0.0, 41.148, 6.096]]
[[0.0, 43.2816, 6.096], [0.0, 43.2816, 3.048], [0.0, 54.864, 3.048], [0.0, 54.864, 6.096]]
[[0.0, 41.148, 3.048], [0.0, 33.8328, 3.048], [-43.2816, 33.8328, 3.048], [-43.2816, 41.148, 3.048]]
[[0.0, 41.148, 6.096], [0.0, 41.148, 3.048], [-43.2816, 41.148, 3.048], [-43.2816, 41.148, 6.096]]
[[0.0, 33.8328, 6.096], [0.0, 33.8328, 3.048], [0.0, 41.148, 3.048], [0.0, 41.148, 6.096]]
[[-43.2816, 41.148, 6.096], [-43.2816, 41.148, 3.048], [-43.2816, 33.8328, 3.048], [-43.2816, 33.8328, 6.096]]
[[-43.2816, 33.8328, 6.096], [-43.2816, 33.8328, 3.048], [0.0, 33.8328, 3.048], [0.0, 33.8328, 6.096]]
[[-43.2816, 41.148, 6.096], [-43.2816, 33.8328, 6.096], [0.0, 33.8328, 6.096], [0.0, 41.148, 6.096]]
[[0.0, 55.1688, 3.048], [0.0, 41.148, 3.048], [-18.5928, 41.148, 3.048], [-18.5928, 55.1688, 3.048]]
[[-18.5928, 55.1688, 6.096], [-18.5928, 55.1688, 3.048], [-18.5928, 41.148, 3.048], [-18.5928, 41.148, 6.096]]
[[-18.5928, 41.148, 6.096], [-18.5928, 41.148, 3.048], [0.0, 41.148, 3.048], [0.0, 41.148, 6.096]]
[[0.0, 55.1688, 6.096], [0.0, 55.1688, 3.048], [-18.5928, 55.1688, 3.048], [-18.5928, 55.1688, 6.096]]
[[-18.5928, 55.1688, 6.096], [-18.5928, 41.148, 6.096], [0.0, 41.148, 6.096], [0.0, 55.1688, 6.096]]
[[0.0, 41.148, 6.096], [0.0, 41.148, 3.048], [0.0, 55.1688, 3.048], [0.0, 55.1688, 6.096]]
[[0.0, 41.148, 3.048], [0.0, 24.0792, 3.048], [-13.716, 24.0792, 3.048], [-13.716, 41.148, 3.048]]
[[-13.716, 41.148, 6.096], [-13.716, 41.148, 3.048], [-13.716, 24.0792, 3.048], [-13.716, 24.0792, 6.096]]
[[-13.716, 24.0792, 6.096], [-13.716, 24.0792, 3.048], [0.0, 24.0792, 3.048], [0.0, 24.0792, 6.096]]
[[-13.716, 41.148, 6.096], [-13.716, 24.0792, 6.096], [0.0, 24.0792, 6.096], [0.0, 41.148, 6.096]]
[[0.0, 24.0792, 6.096], [0.0, 24.0792, 3.048], [0.0, 41.148, 3.048], [0.0, 41.148, 6.096]]
[[0.0, 41.148, 6.096], [0.0, 41.148, 3.048], [-13.716, 41.148, 3.048], [-13.716, 41.148, 6.096]]
[[0.0, 47.244, 6.096], [0.0, 47.244, 3.048], [-20.7264, 47.244, 3.048], [-20.7264, 47.244, 6.096]]
[[-20.7264, 41.148, 6.096], [-20.7264, 41.148, 3.048], [0.0, 41.148, 3.048], [0.0, 41.148, 6.096]]
[[-20.7264, 47.244, 6.096], [-20.7264, 47.244, 3.048], [-20.7264, 41.148, 3.048], [-20.7264, 41.148, 6.096]]
[[-20.7264, 47.244, 6.096], [-20.7264, 41.148, 6.096], [0.0, 41.148, 6.096], [0.0, 47.244, 6.096]]
[[0.0, 41.148, 6.096], [0.0, 41.148, 3.048], [0.0, 47.244, 3.048], [0.0, 47.244, 6.096]]
[[0.0, 47.244, 3.048], [0.0, 41.148, 3.048], [-20.7264, 41.148, 3.048], [-20.7264, 47.244, 3.048]]
[[0.0, 41.148, 3.048], [0.0, 30.48, 3.048], [-15.24, 30.48, 3.048], [-15.24, 41.148, 3.048]]
[[-15.24, 41.148, 6.096], [-15.24, 41.148, 3.048], [-15.24, 30.48, 3.048], [-15.24, 30.48, 6.096]]
[[-15.24, 41.148, 6.096], [-15.24, 30.48, 6.096], [0.0, 30.48, 6.096], [0.0, 41.148, 6.096]]
[[0.0, 41.148, 6.096], [0.0, 41.148, 3.048], [-15.24, 41.148, 3.048], [-15.24, 41.148, 6.096]]
[[-15.24, 30.48, 6.096], [-15.24, 30.48, 3.048], [0.0, 30.48, 3.048], [0.0, 30.48, 6.096]]
[[0.0, 30.48, 6.096], [0.0, 30.48, 3.048], [0.0, 41.148, 3.048], [0.0, 41.148, 6.096]]
[[0.0, 50.9016, 3.048], [0.0, 41.148, 3.048], [-6.096, 41.148, 3.048], [-6.096, 50.9016, 3.048]]
[[-6.096, 41.148, 6.096], [-6.096, 41.148, 3.048], [0.0, 41.148, 3.048], [0.0, 41.148, 6.096]]
[[0.0, 50.9016, 6.096], [0.0, 50.9016, 3.048], [-6.096, 50.9016, 3.048], [-6.096, 50.9016, 6.096]]
[[0.0, 41.148, 6.096], [0.0, 41.148, 3.048], [0.0, 50.9016, 3.048], [0.0, 50.9016, 6.096]]
[[-6.096, 50.9016, 6.096], [-6.096, 41.148, 6.096], [0.0, 41.148, 6.096], [0.0, 50.9016, 6.096]]
[[-6.096, 50.9016, 6.096], [-6.096, 50.9016, 3.048], [-6.096, 41.148, 3.048], [-6.096, 41.148, 6.096]]
[[0.0, 50.292, 3.048], [0.0, 41.148, 3.048], [-9.144, 41.148, 3.048], [-9.144, 50.292, 3.048]]
[[-9.144, 50.292, 6.096], [-9.144, 50.292, 3.048], [-9.144, 41.148, 3.048], [-9.144, 41.148, 6.096]]
[[0.0, 41.148, 6.096], [0.0, 41.148, 3.048], [0.0, 50.292, 3.048], [0.0, 50.292, 6.096]]
[[0.0, 50.292, 6.096], [0.0, 50.292, 3.048], [-9.144, 50.292, 3.048], [-9.144, 50.292, 6.096]]
[[-9.144, 50.292, 6.096], [-9.144, 41.148, 6.096], [0.0, 41.148, 6.096], [0.0, 50.292, 6.096]]
[[-9.144, 41.148, 6.096], [-9.144, 41.148, 3.048], [0.0, 41.148, 3.048], [0.0, 41.148, 6.096]]
[[6.4008, 48.1584, 3.048], [6.4008, 41.148, 3.048], [0.0, 41.148, 3.048], [0.0, 48.1584, 3.048]]
[[0.0, 48.1584, 6.096], [0.0, 41.148, 6.096], [6.4008, 41.148, 6.096], [6.4008, 48.1584, 6.096]]
[[6.4008, 48.1584, 6.096], [6.4008, 48.1584, 3.048], [0.0, 48.1584, 3.048], [0.0, 48.1584, 6.096]]
[[6.4008, 41.148, 6.096], [6.4008, 41.148, 3.048], [6.4008, 48.1584, 3.048], [6.4008, 48.1584, 6.096]]
[[0.0, 48.1584, 6.096], [0.0, 48.1584, 3.048], [0.0, 41.148, 3.048], [0.0, 41.148, 6.096]]
[[0.0, 41.148, 6.096], [0.0, 41.148, 3.048], [6.4008, 41.148, 3.048], [6.4008, 41.148, 6.096]]
[[0.0, 46.0248, 3.048], [0.0, 41.148, 3.048], [-6.096, 41.148, 3.048], [-6.096, 46.0248, 3.048]]
[[0.0, 46.0248, 6.096], [0.0, 46.0248, 3.048], [-6.096, 46.0248, 3.048], [-6.096, 46.0248, 6.096]]
[[-6.096, 41.148, 6.096], [-6.096, 41.148, 3.048], [0.0, 41.148, 3.048], [0.0, 41.148, 6.096]]
[[-6.096, 46.0248, 6.096], [-6.096, 41.148, 6.096], [0.0, 41.148, 6.096], [0.0, 46.0248, 6.096]]
[[0.0, 41.148, 6.096], [0.0, 41.148, 3.048], [0.0, 46.0248, 3.048], [0.0, 46.0248, 6.096]]
[[-6.096, 46.0248, 6.096], [-6.096, 46.0248, 3.048], [-6.096, 41.148, 3.048], [-6.096, 41.148, 6.096]]
[[0.0, 47.244, 3.048], [0.0, 41.148, 3.048], [-20.7264, 41.148, 3.048], [-20.7264, 47.244, 3.048]]
[[0.0, 47.244, 6.096], [0.0, 47.244, 3.048], [-20.7264, 47.244, 3.048], [-20.7264, 47.244, 6.096]]
[[0.0, 41.148, 6.096], [0.0, 41.148, 3.048], [0.0, 47.244, 3.048], [0.0, 47.244, 6.096]]
[[-20.7264, 41.148, 6.096], [-20.7264, 41.148, 3.048], [0.0, 41.148, 3.048], [0.0, 41.148, 6.096]]
[[-20.7264, 47.244, 6.096], [-20.7264, 41.148, 6.096], [0.0, 41.148, 6.096], [0.0, 47.244, 6.096]]
[[-20.7264, 47.244, 6.096], [-20.7264, 47.244, 3.048], [-20.7264, 41.148, 3.048], [-20.7264, 41.148, 6.096]]
[[0.0, 59.436, 3.048], [0.0, 41.148, 3.048], [-7.62, 41.148, 3.048], [-7.62, 59.436, 3.048]]
[[0.0, 41.148, 6.096], [0.0, 41.148, 3.048], [0.0, 59.436, 3.048], [0.0, 59.436, 6.096]]
[[-7.62, 59.436, 6.096], [-7.62, 41.148, 6.096], [0.0, 41.148, 6.096], [0.0, 59.436, 6.096]]
[[-7.62, 59.436, 6.096], [-7.62, 59.436, 3.048], [-7.62, 41.148, 3.048], [-7.62, 41.148, 6.096]]
[[0.0, 59.436, 6.096], [0.0, 59.436, 3.048], [-7.62, 59.436, 3.048], [-7.62, 59.436, 6.096]]
[[-7.62, 41.148, 6.096], [-7.62, 41.148, 3.048], [0.0, 41.148, 3.048], [0.0, 41.148, 6.096]]
[[0.0, 50.9016, 3.048], [0.0, 41.148, 3.048], [-6.096, 41.148, 3.048], [-6.096, 50.9016, 3.048]]
[[0.0, 50.9016, 6.096], [0.0, 50.9016, 3.048], [-6.096, 50.9016, 3.048], [-6.096, 50.9016, 6.096]]
[[0.0, 41.148, 6.096], [0.0, 41.148, 3.048], [0.0, 50.9016, 3.048], [0.0, 50.9016, 6.096]]
[[-6.096, 50.9016, 6.096], [-6.096, 50.9016, 3.048], [-6.096, 41.148, 3.048], [-6.096, 41.148, 6.096]]
[[-6.096, 41.148, 6.096], [-6.096, 41.148, 3.048], [0.0, 41.148, 3.048], [0.0, 41.148, 6.096]]
[[-6.096, 50.9016, 6.096], [-6.096, 41.148, 6.096], [0.0, 41.148, 6.096], [0.0, 50.9016, 6.096]]
[[0.0, 50.9016, 3.048], [0.0, 41.148, 3.048], [-42.672, 41.148, 3.048], [-42.672, 50.9016, 3.048]]
[[-42.672, 50.9016, 6.096], [-42.672, 50.9016, 3.048], [-42.672, 41.148, 3.048], [-42.672, 41.148, 6.096]]
[[0.0, 50.9016, 6.096], [0.0, 50.9016, 3.048], [-42.672, 50.9016, 3.048], [-42.672, 50.9016, 6.096]]
[[0.0, 41.148, 6.096], [0.0, 41.148, 3.048], [0.0, 50.9016, 3.048], [0.0, 50.9016, 6.096]]
[[-42.672, 41.148, 6.096], [-42.672, 41.148, 3.048], [0.0, 41.148, 3.048], [0.0, 41.148, 6.096]]
[[-42.672, 50.9016, 6.096], [-42.672, 41.148, 6.096], [0.0, 41.148, 6.096], [0.0, 50.9016, 6.096]]
[[0.0, 51.816, 3.048], [0.0, 41.148, 3.048], [-7.62, 41.148, 3.048], [-7.62, 51.816, 3.048]]
[[-7.62, 51.816, 6.096], [-7.62, 51.816, 3.048], [-7.62, 41.148, 3.048], [-7.62, 41.148, 6.096]]
[[-7.62, 41.148, 6.096], [-7.62, 41.148, 3.048], [0.0, 41.148, 3.048], [0.0, 41.148, 6.096]]
[[-7.62, 51.816, 6.096], [-7.62, 41.148, 6.096], [0.0, 41.148, 6.096], [0.0, 51.816, 6.096]]
[[0.0, 51.816, 6.096], [0.0, 51.816, 3.048], [-7.62, 51.816, 3.048], [-7.62, 51.816, 6.096]]
[[0.0, 41.148, 6.096], [0.0, 41.148, 3.048], [0.0, 51.816, 3.048], [0.0, 51.816, 6.096]]
[[9.144, 41.148, 3.048], [9.144, 1.524, 3.048], [0.0, 1.524, 3.048], [0.0, 41.148, 3.048]]
[[0.0, 41.148, 6.096], [0.0, 1.524, 6.096], [9.144, 1.524, 6.096], [9.144, 41.148, 6.096]]
[[9.144, 41.148, 6.096], [9.144, 41.148, 3.048], [0.0, 41.148, 3.048], [0.0, 41.148, 6.096]]
[[0.0, 1.524, 6.096], [0.0, 1.524, 3.048], [9.144, 1.524, 3.048], [9.144, 1.524, 6.096]]
[[9.144, 1.524, 6.096], [9.144, 1.524, 3.048], [9.144, 41.148, 3.048], [9.144, 41.148, 6.096]]
[[0.0, 41.148, 6.096], [0.0, 41.148, 3.048], [0.0, 1.524, 3.048], [0.0, 1.524, 6.096]]
[[6.096, 48.768, 6.096], [6.096, 41.148, 6.096], [0.0, 41.148, 6.096], [0.0, 48.768, 6.096]]
[[6.096, 41.148, 9.144], [6.096, 41.148, 6.096], [6.096, 48.768, 6.096], [6.096, 48.768, 9.144]]
[[0.0, 48.768, 9.144], [0.0, 48.768, 6.096], [0.0, 41.148, 6.096], [0.0, 41.148, 9.144]]
[[0.0, 48.768, 9.144], [0.0, 41.148, 9.144], [6.096, 41.148, 9.144], [6.096, 48.768, 9.144]]
[[6.096, 48.768, 9.144], [6.096, 48.768, 6.096], [0.0, 48.768, 6.096], [0.0, 48.768, 9.144]]
[[0.0, 41.148, 9.144], [0.0, 41.148, 6.096], [6.096, 41.148, 6.096], [6.096, 41.148, 9.144]]
[[0.0, 50.292, 6.096], [0.0, 41.148, 6.096], [-18.288, 41.148, 6.096], [-18.288, 50.292, 6.096]]
[[0.0, 41.148, 9.144], [0.0, 41.148, 6.096], [0.0, 50.292, 6.096], [0.0, 50.292, 9.144]]
[[-18.288, 50.292, 9.144], [-18.288, 41.148, 9.144], [0.0, 41.148, 9.144], [0.0, 50.292, 9.144]]
[[0.0, 50.292, 9.144], [0.0, 50.292, 6.096], [-18.288, 50.292, 6.096], [-18.288, 50.292, 9.144]]
[[-18.288, 41.148, 9.144], [-18.288, 41.148, 6.096], [0.0, 41.148, 6.096], [0.0, 41.148, 9.144]]
[[-18.288, 50.292, 9.144], [-18.288, 50.292, 6.096], [-18.288, 41.148, 6.096], [-18.288, 41.148, 9.144]]
[[-18.288, 56.0832, 9.144], [-18.288, 56.0832, 6.096], [-9.144, 56.0832, 6.096], [-9.144, 56.0832, 9.144]]
[[-18.288, 83.5152, 9.144], [-18.288, 56.0832, 9.144], [-9.144, 56.0832, 9.144], [-9.144, 83.5152, 9.144]]
[[-18.288, 83.5152, 9.144], [-18.288, 83.5152, 6.096], [-18.288, 56.0832, 6.096], [-18.288, 56.0832, 9.144]]
[[-9.144, 83.5152, 9.144], [-9.144, 83.5152, 6.096], [-18.288, 83.5152, 6.096], [-18.288, 83.5152, 9.144]]
[[-9.144, 56.0832, 9.144], [-9.144, 56.0832, 6.096], [-9.144, 83.5152, 6.096], [-9.144, 83.5152, 9.144]]
[[-9.144, 83.5152, 6.096], [-9.144, 56.0832, 6.096], [-18.288, 56.0832, 6.096], [-18.288, 83.5152, 6.096]]
[[48.1584, 89.916, 6.096], [48.1584, 68.58, 6.096], [39.0144, 68.58, 6.096], [39.0144, 89.916, 6.096]]
[[48.1584, 89.916, 9.144], [48.1584, 89.916, 6.096], [39.0144, 89.916, 6.096], [39.0144, 89.916, 9.144]]
[[39.0144, 89.916, 9.144], [39.0144, 68.58, 9.144], [48.1584, 68.58, 9.144], [48.1584, 89.916, 9.144]]
[[39.0144, 68.58, 9.144], [39.0144, 68.58, 6.096], [48.1584, 68.58, 6.096], [48.1584, 68.58, 9.144]]
[[39.0144, 89.916, 9.144], [39.0144, 89.916, 6.096], [39.0144, 68.58, 6.096], [39.0144, 68.58, 9.144]]
[[48.1584, 68.58, 9.144], [48.1584, 68.58, 6.096], [48.1584, 89.916, 6.096], [48.1584, 89.916, 9.144]]
[[0.0, 56.0832, 9.144], [0.0, 56.0832, 6.096], [0.0, 51.2064, 6.096], [0.0, 51.2064, 9.144]]
[[0.0, 56.0832, 9.144], [0.0, 51.2064, 9.144], [57.3024, 51.2064, 9.144], [57.3024, 56.0832, 9.144]]
[[57.3024, 56.0832, 9.144], [57.3024, 56.0832, 6.096], [0.0, 56.0832, 6.096], [0.0, 56.0832, 9.144]]
[[0.0, 51.2064, 9.144], [0.0, 51.2064, 6.096], [57.3024, 51.2064, 6.096], [57.3024, 51.2064, 9.144]]
[[57.3024, 51.2064, 9.144], [57.3024, 51.2064, 6.096], [57.3024, 56.0832, 6.096], [57.3024, 56.0832, 9.144]]
[[57.3024, 56.0832, 6.096], [57.3024, 51.2064, 6.096], [0.0, 51.2064, 6.096], [0.0, 56.0832, 6.096]]
[[18.288, 41.148, 0.0], [18.288, 28.956, 0.0], [0.0, 28.956, 0.0], [0.0, 41.148, 0.0]]
[[18.288, 28.956, 3.048], [18.288, 28.956, 0.0], [18.288, 41.148, 0.0], [18.288, 41.148, 3.048]]
[[0.0, 28.956, 3.048], [0.0, 28.956, 0.0], [18.288, 28.956, 0.0], [18.288, 28.956, 3.048]]
[[0.0, 41.148, 3.048], [0.0, 41.148, 0.0], [0.0, 28.956, 0.0], [0.0, 28.956, 3.048]]
[[18.288, 41.148, 3.048], [18.288, 41.148, 0.0], [0.0, 41.148, 0.0], [0.0, 41.148, 3.048]]
[[0.0, 41.148, 3.048], [0.0, 28.956, 3.048], [18.288, 28.956, 3.048], [18.288, 41.148, 3.048]]
[[8.2296, 68.58, 9.144], [8.2296, 68.58, 6.096], [8.2296, 58.5216, 6.096], [8.2296, 58.5216, 9.144]]
[[8.2296, 58.5216, 9.144], [8.2296, 58.5216, 6.096], [17.3736, 58.5216, 6.096], [17.3736, 58.5216, 9.144]]
[[17.3736, 68.58, 6.096], [17.3736, 58.5216, 6.096], [8.2296, 58.5216, 6.096], [8.2296, 68.58, 6.096]]
[[17.3736, 58.5216, 9.144], [17.3736, 58.5216, 6.096], [17.3736, 68.58, 6.096], [17.3736, 68.58, 9.144]]
[[8.2296, 68.58, 9.144], [8.2296, 58.5216, 9.144], [17.3736, 58.5216, 9.144], [17.3736, 68.58, 9.144]]
[[17.3736, 68.58, 9.144], [17.3736, 68.58, 6.096], [8.2296, 68.58, 6.096], [8.2296, 68.58, 9.144]]
[[9.144, 54.864, 0.0], [9.144, 27.432, 0.0], [0.0, 27.432, 0.0], [0.0, 54.864, 0.0]]
[[9.144, 54.864, 3.048], [9.144, 54.864, 0.0], [0.0, 54.864, 0.0], [0.0, 54.864, 3.048]]
[[9.144, 27.432, 3.048], [9.144, 27.432, 0.0], [9.144, 54.864, 0.0], [9.144, 54.864, 3.048]]
[[0.0, 54.864, 3.048], [0.0, 54.864, 0.0], [0.0, 27.432, 0.0], [0.0, 27.432, 3.048]]
[[0.0, 54.864, 3.048], [0.0, 27.432, 3.048], [9.144, 27.432, 3.048], [9.144, 54.864, 3.048]]
[[0.0, 27.432, 3.048], [0.0, 27.432, 0.0], [9.144, 27.432, 0.0], [9.144, 27.432, 3.048]]
[[3.9624, 93.5736, 9.144], [3.9624, 93.5736, 6.096], [22.2504, 93.5736, 6.096], [22.2504, 93.5736, 9.144]]
[[3.9624, 102.718, 9.144], [3.9624, 93.5736, 9.144], [22.2504, 93.5736, 9.144], [22.2504, 102.718, 9.144]]
[[22.2504, 102.718, 6.096], [22.2504, 93.5736, 6.096], [3.9624, 93.5736, 6.096], [3.9624, 102.718, 6.096]]
[[3.9624, 102.718, 9.144], [3.9624, 102.718, 6.096], [3.9624, 93.5736, 6.096], [3.9624, 93.5736, 9.144]]
[[22.2504, 93.5736, 9.144], [22.2504, 93.5736, 6.096], [22.2504, 102.718, 6.096], [22.2504, 102.718, 9.144]]
[[22.2504, 102.718, 9.144], [22.2504, 102.718, 6.096], [3.9624, 102.718, 6.096], [3.9624, 102.718, 9.144]]
[[-60.96, 41.148, 9.144], [-60.96, 41.148, 6.096], [0.0, 41.148, 6.096], [0.0, 41.148, 9.144]]
[[-60.96, 48.768, 9.144], [-60.96, 48.768, 6.096], [-60.96, 41.148, 6.096], [-60.96, 41.148, 9.144]]
[[-60.96, 48.768, 9.144], [-60.96, 41.148, 9.144], [0.0, 41.148, 9.144], [0.0, 48.768, 9.144]]
[[0.0, 41.148, 9.144], [0.0, 41.148, 6.096], [0.0, 48.768, 6.096], [0.0, 48.768, 9.144]]
[[0.0, 48.768, 6.096], [0.0, 41.148, 6.096], [-60.96, 41.148, 6.096], [-60.96, 48.768, 6.096]]
[[0.0, 48.768, 9.144], [0.0, 48.768, 6.096], [-60.96, 48.768, 6.096], [-60.96, 48.768, 9.144]]
[[0.0, 41.148, 6.096], [0.0, 33.528, 6.096], [-60.96, 33.528, 6.096], [-60.96, 41.148, 6.096]]
[[0.0, 41.148, 9.144], [0.0, 41.148, 6.096], [-60.96, 41.148, 6.096], [-60.96, 41.148, 9.144]]
[[-60.96, 41.148, 9.144], [-60.96, 33.528, 9.144], [0.0, 33.528, 9.144], [0.0, 41.148, 9.144]]
[[0.0, 33.528, 9.144], [0.0, 33.528, 6.096], [0.0, 41.148, 6.096], [0.0, 41.148, 9.144]]
[[-60.96, 41.148, 9.144], [-60.96, 41.148, 6.096], [-60.96, 33.528, 6.096], [-60.96, 33.528, 9.144]]
[[-60.96, 33.528, 9.144], [-60.96, 33.528, 6.096], [0.0, 33.528, 6.096], [0.0, 33.528, 9.144]]
[[0.0, 41.148, 9.144], [0.0, 33.528, 9.144], [48.1584, 33.528, 9.144], [48.1584, 41.148, 9.144]]
[[48.1584, 33.528, 9.144], [48.1584, 33.528, 6.096], [48.1584, 41.148, 6.096], [48.1584, 41.148, 9.144]]
[[0.0, 33.528, 9.144], [0.0, 33.528, 6.096], [48.1584, 33.528, 6.096], [48.1584, 33.528, 9.144]]
[[48.1584, 41.148, 9.144], [48.1584, 41.148, 6.096], [20.7264, 41.148, 6.096], [20.7264, 41.148, 9.144]]
[[48.1584, 41.148, 6.096], [48.1584, 33.528, 6.096], [0.0, 33.528, 6.096], [0.0, 41.148, 6.096]]
[[0.0, 41.148, 9.144], [0.0, 41.148, 6.096], [0.0, 33.528, 6.096], [0.0, 33.528, 9.144]]
[[20.7264, 41.148, 9.144], [20.7264, 41.148, 6.096], [0.0, 41.148, 6.096], [0.0, 41.148, 9.144]]
[[0.0, 41.148, 9.144], [0.0, 41.148, 6.096], [0.0, 33.528, 6.096], [0.0, 33.528, 9.144]]
[[48.1584, 33.528, 9.144], [48.1584, 33.528, 6.096], [48.1584, 41.148, 6.096], [48.1584, 41.148, 9.144]]
[[0.0, 41.148, 9.144], [0.0, 33.528, 9.144], [48.1584, 33.528, 9.144], [48.1584, 41.148, 9.144]]
[[0.0, 33.528, 9.144], [0.0, 33.528, 6.096], [48.1584, 33.528, 6.096], [48.1584, 33.528, 9.144]]
[[48.1584, 41.148, 9.144], [48.1584, 41.148, 6.096], [0.0, 41.148, 6.096], [0.0, 41.148, 9.144]]
[[48.1584, 41.148, 6.096], [48.1584, 33.528, 6.096], [0.0, 33.528, 6.096], [0.0, 41.148, 6.096]]
[[-127.406, 43.5864, 9.144], [-127.406, 43.5864, 6.096], [-127.406, 41.148, 6.096], [-127.406, 41.148, 9.144]]
[[-127.406, 41.148, 9.144], [-127.406, 41.148, 6.096], [0.0, 41.148, 6.096], [0.0, 41.148, 9.144]]
[[-127.406, 43.5864, 9.144], [-127.406, 41.148, 9.144], [0.0, 41.148, 9.144], [0.0, 43.5864, 9.144]]
[[0.0, 41.148, 9.144], [0.0, 41.148, 6.096], [0.0, 43.5864, 6.096], [0.0, 43.5864, 9.144]]
[[0.0, 43.5864, 6.096], [0.0, 41.148, 6.096], [-127.406, 41.148, 6.096], [-127.406, 43.5864, 6.096]]
[[0.0, 43.5864, 9.144], [0.0, 43.5864, 6.096], [-127.406, 43.5864, 6.096], [-127.406, 43.5864, 9.144]]
[[0.0, 38.7096, 9.144], [0.0, 38.7096, 6.096], [127.406, 38.7096, 6.096], [127.406, 38.7096, 9.144]]
[[0.0, 41.148, 9.144], [0.0, 38.7096, 9.144], [127.406, 38.7096, 9.144], [127.406, 41.148, 9.144]]
[[127.406, 38.7096, 9.144], [127.406, 38.7096, 6.096], [127.406, 41.148, 6.096], [127.406, 41.148, 9.144]]
[[0.0, 41.148, 9.144], [0.0, 41.148, 6.096], [0.0, 38.7096, 6.096], [0.0, 38.7096, 9.144]]
[[127.406, 41.148, 9.144], [127.406, 41.148, 6.096], [0.0, 41.148, 6.096], [0.0, 41.148, 9.144]]
[[127.406, 41.148, 6.096], [127.406, 38.7096, 6.096], [0.0, 38.7096, 6.096], [0.0, 41.148, 6.096]]
[[10.0584, 58.5216, 6.096], [10.0584, 51.2064, 6.096], [0.9144, 51.2064, 6.096], [0.9144, 58.5216, 6.096]]
[[10.0584, 51.2064, 9.144], [10.0584, 51.2064, 6.096], [10.0584, 58.5216, 6.096], [10.0584, 58.5216, 9.144]]
[[0.9144, 58.5216, 9.144], [0.9144, 58.5216, 6.096], [0.9144, 51.2064, 6.096], [0.9144, 51.2064, 9.144]]
[[10.0584, 58.5216, 9.144], [10.0584, 58.5216, 6.096], [0.9144, 58.5216, 6.096], [0.9144, 58.5216, 9.144]]
[[0.9144, 51.2064, 9.144], [0.9144, 51.2064, 6.096], [10.0584, 51.2064, 6.096], [10.0584, 51.2064, 9.144]]
[[0.9144, 58.5216, 9.144], [0.9144, 51.2064, 9.144], [10.0584, 51.2064, 9.144], [10.0584, 58.5216, 9.144]]
[[12.192, 48.768, 6.096], [12.192, 41.148, 6.096], [0.0, 41.148, 6.096], [0.0, 48.768, 6.096]]
[[12.192, 41.148, 9.144], [12.192, 41.148, 6.096], [12.192, 48.768, 6.096], [12.192, 48.768, 9.144]]
[[0.0, 48.768, 9.144], [0.0, 48.768, 6.096], [0.0, 41.148, 6.096], [0.0, 41.148, 9.144]]
[[0.0, 48.768, 9.144], [0.0, 41.148, 9.144], [12.192, 41.148, 9.144], [12.192, 48.768, 9.144]]
[[0.0, 41.148, 9.144], [0.0, 41.148, 6.096], [12.192, 41.148, 6.096], [12.192, 41.148, 9.144]]
[[12.192, 48.768, 9.144], [12.192, 48.768, 6.096], [0.0, 48.768, 6.096], [0.0, 48.768, 9.144]]
[[0.0, 41.148, 9.144], [0.0, 41.148, 6.096], [0.0, 46.0248, 6.096], [0.0, 46.0248, 9.144]]
[[-70.104, 46.0248, 9.144], [-70.104, 41.148, 9.144], [0.0, 41.148, 9.144], [0.0, 46.0248, 9.144]]
[[-70.104, 41.148, 9.144], [-70.104, 41.148, 6.096], [0.0, 41.148, 6.096], [0.0, 41.148, 9.144]]
[[-70.104, 46.0248, 9.144], [-70.104, 46.0248, 6.096], [-70.104, 41.148, 6.096], [-70.104, 41.148, 9.144]]
[[0.0, 46.0248, 6.096], [0.0, 41.148, 6.096], [-70.104, 41.148, 6.096], [-70.104, 46.0248, 6.096]]
[[0.0, 46.0248, 9.144], [0.0, 46.0248, 6.096], [-70.104, 46.0248, 6.096], [-70.104, 46.0248, 9.144]]
[[18.288, 66.1416, 6.096], [18.288, 58.5216, 6.096], [0.0, 58.5216, 6.096], [0.0, 66.1416, 6.096]]
[[0.0, 66.1416, 9.144], [0.0, 58.5216, 9.144], [18.288, 58.5216, 9.144], [18.288, 66.1416, 9.144]]
[[18.288, 66.1416, 9.144], [18.288, 66.1416, 6.096], [0.0, 66.1416, 6.096], [0.0, 66.1416, 9.144]]
[[18.288, 58.5216, 9.144], [18.288, 58.5216, 6.096], [18.288, 66.1416, 6.096], [18.288, 66.1416, 9.144]]
[[0.0, 58.5216, 9.144], [0.0, 58.5216, 6.096], [18.288, 58.5216, 6.096], [18.288, 58.5216, 9.144]]
[[0.0, 66.1416, 9.144], [0.0, 66.1416, 6.096], [0.0, 58.5216, 6.096], [0.0, 58.5216, 9.144]]
[[-1.524, 51.2064, 9.144], [-1.524, 51.2064, 6.096], [-1.524, 41.148, 6.096], [-1.524, 41.148, 9.144]]
[[-1.524, 41.148, 9.144], [-1.524, 41.148, 6.096], [7.62, 41.148, 6.096], [7.62, 41.148, 9.144]]
[[7.62, 51.2064, 9.144], [7.62, 51.2064, 6.096], [-1.524, 51.2064, 6.096], [-1.524, 51.2064, 9.144]]
[[7.62, 41.148, 9.144], [7.62, 41.148, 6.096], [7.62, 51.2064, 6.096], [7.62, 51.2064, 9.144]]
[[7.62, 51.2064, 6.096], [7.62, 41.148, 6.096], [-1.524, 41.148, 6.096], [-1.524, 51.2064, 6.096]]
[[-1.524, 51.2064, 9.144], [-1.524, 41.148, 9.144], [7.62, 41.148, 9.144], [7.62, 51.2064, 9.144]]
[[6.096, 48.768, 12.192], [6.096, 41.148, 12.192], [0.0, 41.148, 12.192], [0.0, 48.768, 12.192]]
[[0.0, 48.768, 15.24], [0.0, 41.148, 15.24], [6.096, 41.148, 15.24], [6.096, 48.768, 15.24]]
[[6.096, 48.768, 15.24], [6.096, 48.768, 12.192], [0.0, 48.768, 12.192], [0.0, 48.768, 15.24]]
[[6.096, 41.148, 15.24], [6.096, 41.148, 12.192], [6.096, 48.768, 12.192], [6.096, 48.768, 15.24]]
[[0.0, 41.148, 15.24], [0.0, 41.148, 12.192], [6.096, 41.148, 12.192], [6.096, 41.148, 15.24]]
[[0.0, 48.768, 15.24], [0.0, 48.768, 12.192], [0.0, 41.148, 12.192], [0.0, 41.148, 15.24]]
[[0.0, 50.292, 12.192], [0.0, 41.148, 12.192], [-18.288, 41.148, 12.192], [-18.288, 50.292, 12.192]]
[[-18.288, 50.292, 15.24], [-18.288, 41.148, 15.24], [0.0, 41.148, 15.24], [0.0, 50.292, 15.24]]
[[0.0, 41.148, 15.24], [0.0, 41.148, 12.192], [0.0, 50.292, 12.192], [0.0, 50.292, 15.24]]
[[-18.288, 41.148, 15.24], [-18.288, 41.148, 12.192], [0.0, 41.148, 12.192], [0.0, 41.148, 15.24]]
[[-18.288, 50.292, 15.24], [-18.288, 50.292, 12.192], [-18.288, 41.148, 12.192], [-18.288, 41.148, 15.24]]
[[0.0, 50.292, 15.24], [0.0, 50.292, 12.192], [-18.288, 50.292, 12.192], [-18.288, 50.292, 15.24]]
[[57.3024, 41.148, 12.192], [57.3024, 36.2712, 12.192], [0.0, 36.2712, 12.192], [0.0, 41.148, 12.192]]
[[0.0, 41.148, 15.24], [0.0, 36.2712, 15.24], [57.3024, 36.2712, 15.24], [57.3024, 41.148, 15.24]]
[[57.3024, 36.2712, 15.24], [57.3024, 36.2712, 12.192], [57.3024, 41.148, 12.192], [57.3024, 41.148, 15.24]]
[[0.0, 36.2712, 15.24], [0.0, 36.2712, 12.192], [57.3024, 36.2712, 12.192], [57.3024, 36.2712, 15.24]]
[[0.0, 41.148, 15.24], [0.0, 41.148, 12.192], [0.0, 36.2712, 12.192], [0.0, 36.2712, 15.24]]
[[57.3024, 41.148, 15.24], [57.3024, 41.148, 12.192], [0.0, 41.148, 12.192], [0.0, 41.148, 15.24]]
[[0.0, 41.148, 12.192], [0.0, 33.528, 12.192], [-18.288, 33.528, 12.192], [-18.288, 41.148, 12.192]]
[[-18.288, 41.148, 15.24], [-18.288, 33.528, 15.24], [0.0, 33.528, 15.24], [0.0, 41.148, 15.24]]
[[-18.288, 33.528, 15.24], [-18.288, 33.528, 12.192], [0.0, 33.528, 12.192], [0.0, 33.528, 15.24]]
[[-18.288, 41.148, 15.24], [-18.288, 41.148, 12.192], [-18.288, 33.528, 12.192], [-18.288, 33.528, 15.24]]
[[0.0, 41.148, 15.24], [0.0, 41.148, 12.192], [-18.288, 41.148, 12.192], [-18.288, 41.148, 15.24]]
[[0.0, 33.528, 15.24], [0.0, 33.528, 12.192], [0.0, 41.148, 12.192], [0.0, 41.148, 15.24]]
[[0.0, 48.768, 12.192], [0.0, 41.148, 12.192], [-60.96, 41.148, 12.192], [-60.96, 48.768, 12.192]]
[[-60.96, 48.768, 15.24], [-60.96, 41.148, 15.24], [0.0, 41.148, 15.24], [0.0, 48.768, 15.24]]
[[-60.96, 48.768, 15.24], [-60.96, 48.768, 12.192], [-60.96, 41.148, 12.192], [-60.96, 41.148, 15.24]]
[[0.0, 48.768, 15.24], [0.0, 48.768, 12.192], [-60.96, 48.768, 12.192], [-60.96, 48.768, 15.24]]
[[0.0, 41.148, 15.24], [0.0, 41.148, 12.192], [0.0, 48.768, 12.192], [0.0, 48.768, 15.24]]
[[-60.96, 41.148, 15.24], [-60.96, 41.148, 12.192], [0.0, 41.148, 12.192], [0.0, 41.148, 15.24]]
[[0.0, 41.148, 12.192], [0.0, 33.528, 12.192], [-60.96, 33.528, 12.192], [-60.96, 41.148, 12.192]]
[[-60.96, 41.148, 15.24], [-60.96, 33.528, 15.24], [0.0, 33.528, 15.24], [0.0, 41.148, 15.24]]
[[-60.96, 41.148, 15.24], [-60.96, 41.148, 12.192], [-60.96, 33.528, 12.192], [-60.96, 33.528, 15.24]]
[[0.0, 41.148, 15.24], [0.0, 41.148, 12.192], [-60.96, 41.148, 12.192], [-60.96, 41.148, 15.24]]
[[0.0, 33.528, 15.24], [0.0, 33.528, 12.192], [0.0, 41.148, 12.192], [0.0, 41.148, 15.24]]
[[-60.96, 33.528, 15.24], [-60.96, 33.528, 12.192], [0.0, 33.528, 12.192], [0.0, 33.528, 15.24]]
[[48.1584, 41.148, 12.192], [48.1584, 33.528, 12.192], [0.0, 33.528, 12.192], [0.0, 41.148, 12.192]]
[[0.0, 41.148, 15.24], [0.0, 33.528, 15.24], [48.1584, 33.528, 15.24], [48.1584, 41.148, 15.24]]
[[48.1584, 41.148, 15.24], [48.1584, 41.148, 12.192], [0.0, 41.148, 12.192], [0.0, 41.148, 15.24]]
[[48.1584, 33.528, 15.24], [48.1584, 33.528, 12.192], [48.1584, 41.148, 12.192], [48.1584, 41.148, 15.24]]
[[0.0, 33.528, 15.24], [0.0, 33.528, 12.192], [48.1584, 33.528, 12.192], [48.1584, 33.528, 15.24]]
[[0.0, 41.148, 15.24], [0.0, 41.148, 12.192], [0.0, 33.528, 12.192], [0.0, 33.528, 15.24]]
[[48.1584, 41.148, 12.192], [48.1584, 33.528, 12.192], [0.0, 33.528, 12.192], [0.0, 41.148, 12.192]]
[[0.0, 41.148, 15.24], [0.0, 33.528, 15.24], [48.1584, 33.528, 15.24], [48.1584, 41.148, 15.24]]
[[0.0, 33.528, 15.24], [0.0, 33.528, 12.192], [48.1584, 33.528, 12.192], [48.1584, 33.528, 15.24]]
[[0.0, 41.148, 15.24], [0.0, 41.148, 12.192], [0.0, 33.528, 12.192], [0.0, 33.528, 15.24]]
[[48.1584, 41.148, 15.24], [48.1584, 41.148, 12.192], [0.0, 41.148, 12.192], [0.0, 41.148, 15.24]]
[[48.1584, 33.528, 15.24], [48.1584, 33.528, 12.192], [48.1584, 41.148, 12.192], [48.1584, 41.148, 15.24]]
[[0.0, 43.5864, 12.192], [0.0, 41.148, 12.192], [-127.406, 41.148, 12.192], [-127.406, 43.5864, 12.192]]
[[-127.406, 43.5864, 15.24], [-127.406, 41.148, 15.24], [0.0, 41.148, 15.24], [0.0, 43.5864, 15.24]]
[[0.0, 41.148, 15.24], [0.0, 41.148, 12.192], [0.0, 43.5864, 12.192], [0.0, 43.5864, 15.24]]
[[-127.406, 41.148, 15.24], [-127.406, 41.148, 12.192], [0.0, 41.148, 12.192], [0.0, 41.148, 15.24]]
[[-127.406, 43.5864, 15.24], [-127.406, 43.5864, 12.192], [-127.406, 41.148, 12.192], [-127.406, 41.148, 15.24]]
[[0.0, 43.5864, 15.24], [0.0, 43.5864, 12.192], [-127.406, 43.5864, 12.192], [-127.406, 43.5864, 15.24]]
[[127.406, 41.148, 12.192], [127.406, 38.7096, 12.192], [0.0, 38.7096, 12.192], [0.0, 41.148, 12.192]]
[[0.0, 41.148, 15.24], [0.0, 38.7096, 15.24], [127.406, 38.7096, 15.24], [127.406, 41.148, 15.24]]
[[0.0, 41.148, 15.24], [0.0, 41.148, 12.192], [0.0, 38.7096, 12.192], [0.0, 38.7096, 15.24]]
[[127.406, 41.148, 15.24], [127.406, 41.148, 12.192], [0.0, 41.148, 12.192], [0.0, 41.148, 15.24]]
[[127.406, 38.7096, 15.24], [127.406, 38.7096, 12.192], [127.406, 41.148, 12.192], [127.406, 41.148, 15.24]]
[[0.0, 38.7096, 15.24], [0.0, 38.7096, 12.192], [127.406, 38.7096, 12.192], [127.406, 38.7096, 15.24]]
[[12.192, 48.768, 12.192], [12.192, 41.148, 12.192], [0.0, 41.148, 12.192], [0.0, 48.768, 12.192]]
[[0.0, 48.768, 15.24], [0.0, 41.148, 15.24], [12.192, 41.148, 15.24], [12.192, 48.768, 15.24]]
[[12.192, 41.148, 15.24], [12.192, 41.148, 12.192], [12.192, 48.768, 12.192], [12.192, 48.768, 15.24]]
[[0.0, 41.148, 15.24], [0.0, 41.148, 12.192], [12.192, 41.148, 12.192], [12.192, 41.148, 15.24]]
[[0.0, 48.768, 15.24], [0.0, 48.768, 12.192], [0.0, 41.148, 12.192], [0.0, 41.148, 15.24]]
[[12.192, 48.768, 15.24], [12.192, 48.768, 12.192], [0.0, 48.768, 12.192], [0.0, 48.768, 15.24]]
[[0.0, 46.0248, 12.192], [0.0, 41.148, 12.192], [-70.104, 41.148, 12.192], [-70.104, 46.0248, 12.192]]
[[-70.104, 46.0248, 15.24], [-70.104, 41.148, 15.24], [0.0, 41.148, 15.24], [0.0, 46.0248, 15.24]]
[[-70.104, 46.0248, 15.24], [-70.104, 46.0248, 12.192], [-70.104, 41.148, 12.192], [-70.104, 41.148, 15.24]]
[[0.0, 46.0248, 15.24], [0.0, 46.0248, 12.192], [-70.104, 46.0248, 12.192], [-70.104, 46.0248, 15.24]]
[[0.0, 41.148, 15.24], [0.0, 41.148, 12.192], [0.0, 46.0248, 12.192], [0.0, 46.0248, 15.24]]
[[-70.104, 41.148, 15.24], [-70.104, 41.148, 12.192], [0.0, 41.148, 12.192], [0.0, 41.148, 15.24]]
[[6.096, 48.768, 18.288], [6.096, 41.148, 18.288], [0.0, 41.148, 18.288], [0.0, 48.768, 18.288]]
[[0.0, 48.768, 21.336], [0.0, 41.148, 21.336], [6.096, 41.148, 21.336], [6.096, 48.768, 21.336]]
[[6.096, 48.768, 21.336], [6.096, 48.768, 18.288], [0.0, 48.768, 18.288], [0.0, 48.768, 21.336]]
[[6.096, 41.148, 21.336], [6.096, 41.148, 18.288], [6.096, 48.768, 18.288], [6.096, 48.768, 21.336]]
[[0.0, 41.148, 21.336], [0.0, 41.148, 18.288], [6.096, 41.148, 18.288], [6.096, 41.148, 21.336]]
[[0.0, 48.768, 21.336], [0.0, 48.768, 18.288], [0.0, 41.148, 18.288], [0.0, 41.148, 21.336]]
[[0.0, 50.292, 18.288], [0.0, 41.148, 18.288], [-18.288, 41.148, 18.288], [-18.288, 50.292, 18.288]]
[[-18.288, 50.292, 21.336], [-18.288, 41.148, 21.336], [0.0, 41.148, 21.336], [0.0, 50.292, 21.336]]
[[0.0, 41.148, 21.336], [0.0, 41.148, 18.288], [0.0, 50.292, 18.288], [0.0, 50.292, 21.336]]
[[-18.288, 41.148, 21.336], [-18.288, 41.148, 18.288], [0.0, 41.148, 18.288], [0.0, 41.148, 21.336]]
[[-18.288, 50.292, 21.336], [-18.288, 50.292, 18.288], [-18.288, 41.148, 18.288], [-18.288, 41.148, 21.336]]
[[0.0, 50.292, 21.336], [0.0, 50.292, 18.288], [-18.288, 50.292, 18.288], [-18.288, 50.292, 21.336]]
[[57.3024, 41.148, 18.288], [57.3024, 36.2712, 18.288], [0.0, 36.2712, 18.288], [0.0, 41.148, 18.288]]
[[0.0, 41.148, 21.336], [0.0, 36.2712, 21.336], [57.3024, 36.2712, 21.336], [57.3024, 41.148, 21.336]]
[[57.3024, 36.2712, 21.336], [57.3024, 36.2712, 18.288], [57.3024, 41.148, 18.288], [57.3024, 41.148, 21.336]]
[[0.0, 36.2712, 21.336], [0.0, 36.2712, 18.288], [57.3024, 36.2712, 18.288], [57.3024, 36.2712, 21.336]]
[[0.0, 41.148, 21.336], [0.0, 41.148, 18.288], [0.0, 36.2712, 18.288], [0.0, 36.2712, 21.336]]
[[57.3024, 41.148, 21.336], [57.3024, 41.148, 18.288], [0.0, 41.148, 18.288], [0.0, 41.148, 21.336]]
[[0.0, 41.148, 18.288], [0.0, 33.528, 18.288], [-18.288, 33.528, 18.288], [-18.288, 41.148, 18.288]]
[[-18.288, 41.148, 21.336], [-18.288, 33.528, 21.336], [0.0, 33.528, 21.336], [0.0, 41.148, 21.336]]
[[-18.288, 33.528, 21.336], [-18.288, 33.528, 18.288], [0.0, 33.528, 18.288], [0.0, 33.528, 21.336]]
[[-18.288, 41.148, 21.336], [-18.288, 41.148, 18.288], [-18.288, 33.528, 18.288], [-18.288, 33.528, 21.336]]
[[0.0, 41.148, 21.336], [0.0, 41.148, 18.288], [-18.288, 41.148, 18.288], [-18.288, 41.148, 21.336]]
[[0.0, 33.528, 21.336], [0.0, 33.528, 18.288], [0.0, 41.148, 18.288], [0.0, 41.148, 21.336]]
[[0.0, 48.768, 18.288], [0.0, 41.148, 18.288], [-60.96, 41.148, 18.288], [-60.96, 48.768, 18.288]]
[[-60.96, 48.768, 21.336], [-60.96, 41.148, 21.336], [0.0, 41.148, 21.336], [0.0, 48.768, 21.336]]
[[-60.96, 48.768, 21.336], [-60.96, 48.768, 18.288], [-60.96, 41.148, 18.288], [-60.96, 41.148, 21.336]]
[[0.0, 48.768, 21.336], [0.0, 48.768, 18.288], [-60.96, 48.768, 18.288], [-60.96, 48.768, 21.336]]
[[0.0, 41.148, 21.336], [0.0, 41.148, 18.288], [0.0, 48.768, 18.288], [0.0, 48.768, 21.336]]
[[-60.96, 41.148, 21.336], [-60.96, 41.148, 18.288], [0.0, 41.148, 18.288], [0.0, 41.148, 21.336]]
[[0.0, 41.148, 18.288], [0.0, 33.528, 18.288], [-60.96, 33.528, 18.288], [-60.96, 41.148, 18.288]]
[[-60.96, 41.148, 21.336], [-60.96, 33.528, 21.336], [0.0, 33.528, 21.336], [0.0, 41.148, 21.336]]
[[-60.96, 41.148, 21.336], [-60.96, 41.148, 18.288], [-60.96, 33.528, 18.288], [-60.96, 33.528, 21.336]]
[[0.0, 41.148, 21.336], [0.0, 41.148, 18.288], [-60.96, 41.148, 18.288], [-60.96, 41.148, 21.336]]
[[0.0, 33.528, 21.336], [0.0, 33.528, 18.288], [0.0, 41.148, 18.288], [0.0, 41.148, 21.336]]
[[-60.96, 33.528, 21.336], [-60.96, 33.528, 18.288], [0.0, 33.528, 18.288], [0.0, 33.528, 21.336]]
[[48.1584, 41.148, 18.288], [48.1584, 33.528, 18.288], [0.0, 33.528, 18.288], [0.0, 41.148, 18.288]]
[[0.0, 41.148, 21.336], [0.0, 33.528, 21.336], [48.1584, 33.528, 21.336], [48.1584, 41.148, 21.336]]
[[48.1584, 41.148, 21.336], [48.1584, 41.148, 18.288], [0.0, 41.148, 18.288], [0.0, 41.148, 21.336]]
[[48.1584, 33.528, 21.336], [48.1584, 33.528, 18.288], [48.1584, 41.148, 18.288], [48.1584, 41.148, 21.336]]
[[0.0, 33.528, 21.336], [0.0, 33.528, 18.288], [48.1584, 33.528, 18.288], [48.1584, 33.528, 21.336]]
[[0.0, 41.148, 21.336], [0.0, 41.148, 18.288], [0.0, 33.528, 18.288], [0.0, 33.528, 21.336]]
[[48.1584, 41.148, 18.288], [48.1584, 33.528, 18.288], [0.0, 33.528, 18.288], [0.0, 41.148, 18.288]]
[[0.0, 41.148, 21.336], [0.0, 33.528, 21.336], [48.1584, 33.528, 21.336], [48.1584, 41.148, 21.336]]
[[0.0, 33.528, 21.336], [0.0, 33.528, 18.288], [48.1584, 33.528, 18.288], [48.1584, 33.528, 21.336]]
[[0.0, 41.148, 21.336], [0.0, 41.148, 18.288], [0.0, 33.528, 18.288], [0.0, 33.528, 21.336]]
[[48.1584, 41.148, 21.336], [48.1584, 41.148, 18.288], [0.0, 41.148, 18.288], [0.0, 41.148, 21.336]]
[[48.1584, 33.528, 21.336], [48.1584, 33.528, 18.288], [48.1584, 41.148, 18.288], [48.1584, 41.148, 21.336]]
[[0.0, 43.5864, 18.288], [0.0, 41.148, 18.288], [-127.406, 41.148, 18.288], [-127.406, 43.5864, 18.288]]
[[-127.406, 43.5864, 21.336], [-127.406, 41.148, 21.336], [0.0, 41.148, 21.336], [0.0, 43.5864, 21.336]]
[[0.0, 41.148, 21.336], [0.0, 41.148, 18.288], [0.0, 43.5864, 18.288], [0.0, 43.5864, 21.336]]
[[-127.406, 41.148, 21.336], [-127.406, 41.148, 18.288], [0.0, 41.148, 18.288], [0.0, 41.148, 21.336]]
[[-127.406, 43.5864, 21.336], [-127.406, 43.5864, 18.288], [-127.406, 41.148, 18.288], [-127.406, 41.148, 21.336]]
[[0.0, 43.5864, 21.336], [0.0, 43.5864, 18.288], [-127.406, 43.5864, 18.288], [-127.406, 43.5864, 21.336]]
[[127.406, 41.148, 18.288], [127.406, 38.7096, 18.288], [0.0, 38.7096, 18.288], [0.0, 41.148, 18.288]]
[[0.0, 41.148, 21.336], [0.0, 38.7096, 21.336], [127.406, 38.7096, 21.336], [127.406, 41.148, 21.336]]
[[0.0, 41.148, 21.336], [0.0, 41.148, 18.288], [0.0, 38.7096, 18.288], [0.0, 38.7096, 21.336]]
[[127.406, 41.148, 21.336], [127.406, 41.148, 18.288], [0.0, 41.148, 18.288], [0.0, 41.148, 21.336]]
[[127.406, 38.7096, 21.336], [127.406, 38.7096, 18.288], [127.406, 41.148, 18.288], [127.406, 41.148, 21.336]]
[[0.0, 38.7096, 21.336], [0.0, 38.7096, 18.288], [127.406, 38.7096, 18.288], [127.406, 38.7096, 21.336]]
[[12.192, 48.768, 18.288], [12.192, 41.148, 18.288], [0.0, 41.148, 18.288], [0.0, 48.768, 18.288]]
[[0.0, 48.768, 21.336], [0.0, 41.148, 21.336], [12.192, 41.148, 21.336], [12.192, 48.768, 21.336]]
[[12.192, 41.148, 21.336], [12.192, 41.148, 18.288], [12.192, 48.768, 18.288], [12.192, 48.768, 21.336]]
[[0.0, 41.148, 21.336], [0.0, 41.148, 18.288], [12.192, 41.148, 18.288], [12.192, 41.148, 21.336]]
[[0.0, 48.768, 21.336], [0.0, 48.768, 18.288], [0.0, 41.148, 18.288], [0.0, 41.148, 21.336]]
[[12.192, 48.768, 21.336], [12.192, 48.768, 18.288], [0.0, 48.768, 18.288], [0.0, 48.768, 21.336]]
[[0.0, 46.0248, 18.288], [0.0, 41.148, 18.288], [-70.104, 41.148, 18.288], [-70.104, 46.0248, 18.288]]
[[-70.104, 46.0248, 21.336], [-70.104, 41.148, 21.336], [0.0, 41.148, 21.336], [0.0, 46.0248, 21.336]]
[[-70.104, 46.0248, 21.336], [-70.104, 46.0248, 18.288], [-70.104, 41.148, 18.288], [-70.104, 41.148, 21.336]]
[[0.0, 46.0248, 21.336], [0.0, 46.0248, 18.288], [-70.104, 46.0248, 18.288], [-70.104, 46.0248, 21.336]]
[[0.0, 41.148, 21.336], [0.0, 41.148, 18.288], [0.0, 46.0248, 18.288], [0.0, 46.0248, 21.336]]
[[-70.104, 41.148, 21.336], [-70.104, 41.148, 18.288], [0.0, 41.148, 18.288], [0.0, 41.148, 21.336]]
[[0.0, -7.62, 0.0], [0.0, -51.816, 0.0], [-28.956, -51.816, 0.0], [-28.956, -7.62, 0.0]]
[[-28.956, -7.62, 3.048], [-28.956, -51.816, 3.048], [0.0, -51.816, 3.048], [0.0, -7.62, 3.048]]
[[0.0, -51.816, 3.048], [0.0, -51.816, 0.0], [0.0, -7.62, 0.0], [0.0, -7.62, 3.048]]
[[-28.956, -51.816, 3.048], [-28.956, -51.816, 0.0], [0.0, -51.816, 0.0], [0.0, -51.816, 3.048]]
[[0.0, -7.62, 3.048], [0.0, -7.62, 0.0], [-28.956, -7.62, 0.0], [-28.956, -7.62, 3.048]]
[[-28.956, -7.62, 3.048], [-28.956, -7.62, 0.0], [-28.956, -51.816, 0.0], [-28.956, -51.816, 3.048]]
[[4.572, 48.768, 0.0], [4.572, 4.572, 0.0], [0.0, 0.0, 0.0], [0.0, 48.768, 0.0]]
[[0.0, 0.0, 3.048], [0.0, 0.0, 0.0], [4.572, 4.572, 0.0], [4.572, 4.572, 3.048]]
[[0.0, 48.768, 3.048], [0.0, 48.768, 0.0], [0.0, 0.0, 0.0], [0.0, 0.0, 3.048]]
[[4.572, 48.768, 3.048], [4.572, 48.768, 0.0], [0.0, 48.768, 0.0], [0.0, 48.768, 3.048]]
[[0.0, 48.768, 3.048], [0.0, 0.0, 3.048], [4.572, 4.572, 3.048], [4.572, 48.768, 3.048]]
[[4.572, 4.572, 3.048], [4.572, 4.572, 0.0], [4.572, 48.768, 0.0], [4.572, 48.768, 3.048]]
[[38.1, 0.0, 0.0], [0.0, 0.0, 0.0], [4.572, 4.572, 0.0], [33.528, 4.572, 0.0]]
[[0.0, 0.0, 3.048], [0.0, 0.0, 0.0], [38.1, 0.0, 0.0], [38.1, 0.0, 3.048]]
[[38.1, 0.0, 3.048], [38.1, 0.0, 0.0], [33.528, 4.572, 0.0], [33.528, 4.572, 3.048]]
[[4.572, 4.572, 3.048], [0.0, 0.0, 3.048], [38.1, 0.0, 3.048], [33.528, 4.572, 3.048]]
[[4.572, 4.572, 3.048], [4.572, 4.572, 0.0], [0.0, 0.0, 0.0], [0.0, 0.0, 3.048]]
[[33.528, 4.572, 3.048], [33.528, 4.572, 0.0], [4.572, 4.572, 0.0], [4.572, 4.572, 3.048]]
[[0.0, 48.768, 0.0], [0.0, 0.0, 0.0], [-4.572, 4.572, 0.0], [-4.572, 48.768, 0.0]]
[[-4.572, 4.572, 3.048], [-4.572, 4.572, 0.0], [0.0, 0.0, 0.0], [0.0, 0.0, 3.048]]
[[0.0, 0.0, 3.048], [0.0, 0.0, 0.0], [0.0, 48.768, 0.0], [0.0, 48.768, 3.048]]
[[0.0, 48.768, 3.048], [0.0, 48.768, 0.0], [-4.572, 48.768, 0.0], [-4.572, 48.768, 3.048]]
[[-4.572, 48.768, 3.048], [-4.572, 4.572, 3.048], [0.0, 0.0, 3.048], [0.0, 48.768, 3.048]]
[[-4.572, 48.768, 3.048], [-4.572, 48.768, 0.0], [-4.572, 4.572, 0.0], [-4.572, 4.572, 3.048]]
[[0.0, -12.192, 6.096], [0.0, -51.816, 6.096], [-28.956, -51.816, 6.096], [-28.956, -12.192, 6.096]]
[[-28.956, -12.192, 9.144], [-28.956, -51.816, 9.144], [0.0, -51.816, 9.144], [0.0, -12.192, 9.144]]
[[0.0, -12.192, 9.144], [0.0, -12.192, 6.096], [-28.956, -12.192, 6.096], [-28.956, -12.192, 9.144]]
[[0.0, -51.816, 9.144], [0.0, -51.816, 6.096], [0.0, -12.192, 6.096], [0.0, -12.192, 9.144]]
[[-28.956, -51.816, 9.144], [-28.956, -51.816, 6.096], [0.0, -51.816, 6.096], [0.0, -51.816, 9.144]]
[[-28.956, -12.192, 9.144], [-28.956, -12.192, 6.096], [-28.956, -51.816, 6.096], [-28.956, -51.816, 9.144]]
[[0.0, 48.768, 6.096], [4.572, 44.196, 6.096], [4.572, 4.572, 6.096], [0.0, 0.0, 6.096]]
[[0.0, 48.768, 9.144], [0.0, 0.0, 9.144], [4.572, 4.572, 9.144], [4.572, 44.196, 9.144]]
[[0.0, 0.0, 9.144], [0.0, 0.0, 6.096], [4.572, 4.572, 6.096], [4.572, 4.572, 9.144]]
[[0.0, 48.768, 9.144], [0.0, 48.768, 6.096], [0.0, 0.0, 6.096], [0.0, 0.0, 9.144]]
[[4.572, 44.196, 9.144], [4.572, 44.196, 6.096], [0.0, 48.768, 6.096], [0.0, 48.768, 9.144]]
[[4.572, 4.572, 9.144], [4.572, 4.572, 6.096], [4.572, 44.196, 6.096], [4.572, 44.196, 9.144]]
[[38.1, 0.0, 6.096], [0.0, 0.0, 6.096], [4.572, 4.572, 6.096], [33.528, 4.572, 6.096]]
[[4.572, 4.572, 9.144], [0.0, 0.0, 9.144], [38.1, 0.0, 9.144], [33.528, 4.572, 9.144]]
[[4.572, 4.572, 9.144], [4.572, 4.572, 6.096], [0.0, 0.0, 6.096], [0.0, 0.0, 9.144]]
[[33.528, 4.572, 9.144], [33.528, 4.572, 6.096], [4.572, 4.572, 6.096], [4.572, 4.572, 9.144]]
[[38.1, 0.0, 9.144], [38.1, 0.0, 6.096], [33.528, 4.572, 6.096], [33.528, 4.572, 9.144]]
[[0.0, 0.0, 9.144], [0.0, 0.0, 6.096], [38.1, 0.0, 6.096], [38.1, 0.0, 9.144]]
[[0.0, 48.768, 6.096], [0.0, 0.0, 6.096], [-4.572, 4.572, 6.096], [-4.572, 44.196, 6.096]]
[[-4.572, 44.196, 9.144], [-4.572, 4.572, 9.144], [0.0, 0.0, 9.144], [0.0, 48.768, 9.144]]
[[-4.572, 4.572, 9.144], [-4.572, 4.572, 6.096], [0.0, 0.0, 6.096], [0.0, 0.0, 9.144]]
[[-4.572, 44.196, 9.144], [-4.572, 44.196, 6.096], [-4.572, 4.572, 6.096], [-4.572, 4.572, 9.144]]
[[0.0, 48.768, 9.144], [0.0, 48.768, 6.096], [-4.572, 44.196, 6.096], [-4.572, 44.196, 9.144]]
[[0.0, 0.0, 9.144], [0.0, 0.0, 6.096], [0.0, 48.768, 6.096], [0.0, 48.768, 9.144]]
[[0.0, -12.192, 6.096], [-4.572, -16.764, 6.096], [-33.528, -16.764, 6.096], [-38.1, -12.192, 6.096]]
[[-38.1, -12.192, 9.144], [-33.528, -16.764, 9.144], [-4.572, -16.764, 9.144], [0.0, -12.192, 9.144]]
[[-4.572, -16.764, 9.144], [-4.572, -16.764, 6.096], [0.0, -12.192, 6.096], [0.0, -12.192, 9.144]]
[[-33.528, -16.764, 9.144], [-33.528, -16.764, 6.096], [-4.572, -16.764, 6.096], [-4.572, -16.764, 9.144]]
[[-38.1, -12.192, 9.144], [-38.1, -12.192, 6.096], [-33.528, -16.764, 6.096], [-33.528, -16.764, 9.144]]
[[0.0, -12.192, 9.144], [0.0, -12.192, 6.096], [-38.1, -12.192, 6.096], [-38.1, -12.192, 9.144]]
[[0.0, -12.192, 12.192], [0.0, -51.816, 12.192], [-28.956, -51.816, 12.192], [-28.956, -12.192, 12.192]]
[[-28.956, -12.192, 15.24], [-28.956, -51.816, 15.24], [0.0, -51.816, 15.24], [0.0, -12.192, 15.24]]
[[0.0, -12.192, 15.24], [0.0, -12.192, 12.192], [-28.956, -12.192, 12.192], [-28.956, -12.192, 15.24]]
[[0.0, -51.816, 15.24], [0.0, -51.816, 12.192], [0.0, -12.192, 12.192], [0.0, -12.192, 15.24]]
[[-28.956, -51.816, 15.24], [-28.956, -51.816, 12.192], [0.0, -51.816, 12.192], [0.0, -51.816, 15.24]]
[[-28.956, -12.192, 15.24], [-28.956, -12.192, 12.192], [-28.956, -51.816, 12.192], [-28.956, -51.816, 15.24]]
[[0.0, 48.768, 12.192], [4.572, 44.196, 12.192], [4.572, 4.572, 12.192], [0.0, 0.0, 12.192]]
[[0.0, 48.768, 15.24], [0.0, 0.0, 15.24], [4.572, 4.572, 15.24], [4.572, 44.196, 15.24]]
[[0.0, 0.0, 15.24], [0.0, 0.0, 12.192], [4.572, 4.572, 12.192], [4.572, 4.572, 15.24]]
[[0.0, 48.768, 15.24], [0.0, 48.768, 12.192], [0.0, 0.0, 12.192], [0.0, 0.0, 15.24]]
[[4.572, 44.196, 15.24], [4.572, 44.196, 12.192], [0.0, 48.768, 12.192], [0.0, 48.768, 15.24]]
[[4.572, 4.572, 15.24], [4.572, 4.572, 12.192], [4.572, 44.196, 12.192], [4.572, 44.196, 15.24]]
[[38.1, 0.0, 12.192], [0.0, 0.0, 12.192], [4.572, 4.572, 12.192], [33.528, 4.572, 12.192]]
[[4.572, 4.572, 15.24], [0.0, 0.0, 15.24], [38.1, 0.0, 15.24], [33.528, 4.572, 15.24]]
[[4.572, 4.572, 15.24], [4.572, 4.572, 12.192], [0.0, 0.0, 12.192], [0.0, 0.0, 15.24]]
[[33.528, 4.572, 15.24], [33.528, 4.572, 12.192], [4.572, 4.572, 12.192], [4.572, 4.572, 15.24]]
[[38.1, 0.0, 15.24], [38.1, 0.0, 12.192], [33.528, 4.572, 12.192], [33.528, 4.572, 15.24]]
[[0.0, 0.0, 15.24], [0.0, 0.0, 12.192], [38.1, 0.0, 12.192], [38.1, 0.0, 15.24]]
[[0.0, 48.768, 12.192], [0.0, 0.0, 12.192], [-4.572, 4.572, 12.192], [-4.572, 44.196, 12.192]]
[[-4.572, 44.196, 15.24], [-4.572, 4.572, 15.24], [0.0, 0.0, 15.24], [0.0, 48.768, 15.24]]
[[-4.572, 4.572, 15.24], [-4.572, 4.572, 12.192], [0.0, 0.0, 12.192], [0.0, 0.0, 15.24]]
[[-4.572, 44.196, 15.24], [-4.572, 44.196, 12.192], [-4.572, 4.572, 12.192], [-4.572, 4.572, 15.24]]
[[0.0, 48.768, 15.24], [0.0, 48.768, 12.192], [-4.572, 44.196, 12.192], [-4.572, 44.196, 15.24]]
[[0.0, 0.0, 15.24], [0.0, 0.0, 12.192], [0.0, 48.768, 12.192], [0.0, 48.768, 15.24]]
[[0.0, -12.192, 12.192], [-4.572, -16.764, 12.192], [-33.528, -16.764, 12.192], [-38.1, -12.192, 12.192]]
[[-38.1, -12.192, 15.24], [-33.528, -16.764, 15.24], [-4.572, -16.764, 15.24], [0.0, -12.192, 15.24]]
[[-4.572, -16.764, 15.24], [-4.572, -16.764, 12.192], [0.0, -12.192, 12.192], [0.0, -12.192, 15.24]]
[[-33.528, -16.764, 15.24], [-33.528, -16.764, 12.192], [-4.572, -16.764, 12.192], [-4.572, -16.764, 15.24]]
[[-38.1, -12.192, 15.24], [-38.1, -12.192, 12.192], [-33.528, -16.764, 12.192], [-33.528, -16.764, 15.24]]
[[0.0, -12.192, 15.24], [0.0, -12.192, 12.192], [-38.1, -12.192, 12.192], [-38.1, -12.192, 15.24]]
